36 49 13127 0 0 11532
36 49 13128 1 57.6541 11532
36 49 13129 2 257.319 11532
36 49 13130 3 295.509 11532
36 49 13131 4 389.322 11532
36 49 13132 5 452.091 11532
36 49 13133 6 464.888 11532
36 49 13134 7 570.381 11532
36 49 13135 8 717.18 11532
36 49 13136 9 809.839 11532
36 49 13137 10 909.737 11532
36 49 13138 11 958.839 11532
36 49 13139 12 1111.55 11532
36 49 13140 13 1241.01 11532
36 49 13141 14 1305.71 11532
36 49 13142 15 1287.35 11532
36 49 13143 16 1382.42 11532
36 49 13144 17 1430.16 11532
36 49 13145 18 1537.72 11532
36 49 13146 19 1639.87 11532
36 49 13147 20 1718.72 11532
36 49 13148 21 1827.49 11532
36 49 13149 22 1895.81 11532
36 49 13150 23 1965.34 11532
36 49 13151 24 2028.45 11532
36 49 13152 25 2093.6 11532
36 49 13153 26 2241.19 11532
36 49 13154 27 2319.54 11532
36 49 13155 28 2434.9 11532
36 49 13156 29 2510.86 11532
36 49 13157 30 2575.18 11532
36 49 13158 31 2732.53 11532
36 49 13159 32 2829.96 11532
36 49 13160 33 2847.23 11532
36 49 13161 34 2991.17 11532
36 49 13162 35 3080.44 11532
36 49 13163 36 3153.61 11532
36 49 13164 37 3274.62 11532
36 49 13165 38 3412.79 11532
36 49 13166 39 3472.7 11532
36 49 13167 40 3490.73 11532
36 49 13168 41 3576.33 11532
36 49 13169 42 3633.17 11532
36 49 13170 43 3675.47 11532
36 49 13171 44 3773.93 11532
36 49 13172 45 3846.43 11532
36 49 13173 46 3944.04 11532
36 49 13174 47 4091.43 11532
36 49 13175 48 4050.06 11532
36 49 13176 49 4025.56 11532
36 49 13177 50 4025.88 11532
36 49 13178 51 4132.07 11532
36 49 13179 52 4217.69 11532
36 49 13180 53 4270.28 11532
36 49 13181 54 4380.94 11532
36 49 13182 55 4443.9 11532
36 49 13183 56 4379.72 11532
36 49 13184 57 4421.04 11532
36 49 13185 58 4435.71 11532
36 49 13186 59 4566.32 11532
36 49 13187 60 4600.66 11532
36 49 13188 61 4726.62 11532
36 49 13189 62 4810.64 11532
36 49 13190 63 4884.32 11532
36 49 13191 64 5015.8 11532
36 49 13192 65 5031.09 11532
36 49 13193 66 5090.67 11532
36 49 13194 67 5239.99 11532
36 49 13195 68 5290.33 11532
36 49 13196 69 5330.86 11532
36 49 13197 70 5325.52 11532
36 49 13198 71 5367 11532
36 49 13199 72 5412.02 11532
36 49 13200 73 5522.48 11532
36 49 13201 74 5536.42 11532
36 49 13202 75 5529.06 11532
36 49 13203 76 5608.16 11532
36 49 13204 77 5656.1 11532
36 49 13205 78 5620.3 11532
36 49 13206 79 5651.09 11532
36 49 13207 80 5787.77 11532
36 49 13208 81 5843.8 11532
36 49 13209 82 5918.31 11532
36 49 13210 83 6055.48 11532
36 49 13211 84 6129.05 11532
36 49 13212 85 6203.05 11532
36 49 13213 86 6226.08 11532
36 49 13214 87 6262.94 11532
36 49 13215 88 6215.22 11532
36 49 13216 89 6196.5 11532
36 49 13217 90 6218.73 11532
36 49 13218 91 6182.16 11532
36 49 13219 92 6180.7 11532
36 49 13220 93 6195.52 11532
36 49 13221 94 6161.26 11532
36 49 13222 95 6176.04 11532
36 49 13223 96 6200.65 11532
36 49 13224 97 6237.21 11532
36 49 13225 98 6308.53 11532
36 49 13226 99 6352.97 11532
36 49 13227 100 6458.6 11532
36 49 13228 101 6443.32 11532
36 49 13229 102 6507.65 11532
36 49 13230 103 6514.86 11532
36 49 13231 104 6542.79 11532
36 49 13232 105 6593.34 11532
36 49 13233 106 6653.17 11532
36 49 13234 107 6761.7 11532
36 49 13235 108 6830.17 11532
36 49 13236 109 6833.72 11532
36 49 13237 110 6838.59 11532
36 49 13238 111 6969.15 11532
36 49 13239 112 7012.6 11532
36 49 13240 113 7031.25 11532
36 49 13241 114 7017.94 11532
36 49 13242 115 7049.26 11532
36 49 13243 116 7087.61 11532
36 49 13244 117 7123.78 11532
36 49 13245 118 7123.19 11532
36 49 13246 119 7136.76 11532
36 49 13247 120 7230.38 11532
36 49 13248 121 7313.66 11532
36 49 13249 122 7290.13 11532
36 49 13250 123 7369.52 11532
36 49 13251 124 7425.12 11532
36 49 13252 125 7405.59 11532
36 49 13253 126 7498.35 11532
36 49 13254 127 7581.01 11532
36 49 13255 128 7626.21 11532
36 49 13256 129 7616.48 11532
36 49 13257 130 7744.73 11532
36 49 13258 131 7781.69 11532
36 49 13259 132 7785.24 11532
36 49 13260 133 7868.83 11532
36 49 13261 134 7866.85 11532
36 49 13262 135 7926.09 11532
36 49 13263 136 7887.73 11532
36 49 13264 137 7909.67 11532
36 49 13265 138 7959.04 11532
36 49 13266 139 7921.58 11532
36 49 13267 140 7989.81 11532
36 49 13268 141 7948.9 11532
36 49 13269 142 8044.23 11532
36 49 13270 143 8102.36 11532
36 49 13271 144 8060.23 11532
36 49 13272 145 8123.79 11532
36 49 13273 146 8190.33 11532
36 49 13274 147 8166.6 11532
36 49 13275 148 8123.85 11532
36 49 13276 149 8118.74 11532
36 49 13277 150 8148.11 11532
36 49 13278 151 8165.13 11532
36 49 13279 152 8127.73 11532
36 49 13280 153 8153.4 11532
36 49 13281 154 8165.01 11532
36 49 13282 155 8218.36 11532
36 49 13283 156 8306.35 11532
36 49 13284 157 8335.61 11532
36 49 13285 158 8417.32 11532
36 49 13286 159 8412.73 11532
36 49 13287 160 8426.9 11532
36 49 13288 161 8520.94 11532
36 49 13289 162 8670.9 11532
36 49 13290 163 8670.85 11532
36 49 13291 164 8675.92 11532
36 49 13292 165 8806.19 11532
36 49 13293 166 8759.95 11532
36 49 13294 167 8826.13 11532
36 49 13295 168 8843.89 11532
36 49 13296 169 8894.39 11532
36 49 13297 170 8940.12 11532
36 49 13298 171 8900.84 11532
36 49 13299 172 8865.4 11532
36 49 13300 173 8834.85 11532
36 49 13301 174 8890.66 11532
36 49 13302 175 8956.59 11532
36 49 13303 176 8840.24 11532
36 49 13304 177 8869.06 11532
36 49 13305 178 8914.25 11532
36 49 13306 179 8962.32 11532
36 49 13307 180 9093.22 11532
36 49 13308 181 9153.85 11532
36 49 13309 182 9099.66 11532
36 49 13310 183 9078.09 11532
36 49 13311 184 9106.4 11532
36 49 13312 185 9123.33 11532
36 49 13313 186 9084.96 11532
36 49 13314 187 9126.34 11532
36 49 13315 188 9140.56 11532
36 49 13316 189 9065.84 11532
36 49 13317 190 8994.52 11532
36 49 13318 191 9054.29 11532
36 49 13319 192 9113.92 11532
36 49 13320 193 9188.34 11532
36 49 13321 194 9217.96 11532
36 49 13322 195 9224 11532
36 49 13323 196 9186.89 11532
36 49 13324 197 9235.13 11532
36 49 13325 198 9380.11 11532
36 49 13326 199 9446.17 11532
36 49 13327 200 9432.35 11532
36 49 13328 201 9510.02 11532
36 49 13329 202 9516.18 11532
36 49 13330 203 9527.29 11532
36 49 13331 204 9614.84 11532
36 49 13332 205 9657.59 11532
36 49 13333 206 9745.17 11532
36 49 13334 207 9784.89 11532
36 49 13335 208 9834.64 11532
36 49 13336 209 9839.2 11532
36 49 13337 210 9843.12 11532
36 49 13338 211 9883.63 11532
36 49 13339 212 9776.72 11532
36 49 13340 213 9816.01 11532
36 49 13341 214 9796.51 11532
36 49 13342 215 9814.96 11532
36 49 13343 216 9899.63 11532
36 49 13344 217 9827.9 11532
36 49 13345 218 9866.85 11532
36 49 13346 219 9932.44 11532
36 49 13347 220 9964.85 11532
36 49 13348 221 10000.9 11532
36 49 13349 222 10000.3 11532
36 49 13350 223 9954.72 11532
36 49 13351 224 9939.95 11532
36 49 13352 225 9899.96 11532
36 49 13353 226 9908.85 11532
36 49 13354 227 9938.17 11532
36 49 13355 228 10010 11532
36 49 13356 229 10072.4 11532
36 49 13357 230 9981.41 11532
36 49 13358 231 9995.97 11532
36 49 13359 232 9983.42 11532
36 49 13360 233 10011.7 11532
36 49 13361 234 10088.3 11532
36 49 13362 235 10158.7 11532
36 49 13363 236 10280 11532
36 49 13364 237 10278.9 11532
36 49 13365 238 10334.4 11532
36 49 13366 239 10261.8 11532
36 49 13367 240 10318.1 11532
36 49 13368 241 10257.1 11532
36 49 13369 242 10217.1 11532
36 49 13370 243 10183.9 11532
36 49 13371 244 10230.4 11532
36 49 13372 245 10177.9 11532
36 49 13373 246 10252.7 11532
36 49 13374 247 10335.9 11532
36 49 13375 248 10282.7 11532
36 49 13376 249 10280.2 11532
36 49 13377 250 10188 11532
36 49 13378 251 10142.4 11532
36 49 13379 252 10210.6 11532
36 49 13380 253 10243.3 11532
36 49 13381 254 10219.6 11532
36 49 13382 255 10349.2 11532
36 49 13383 256 10390.7 11532
36 49 13384 257 10405.1 11532
36 49 13385 258 10366.7 11532
36 49 13386 259 10351.5 11532
36 49 13387 260 10451.7 11532
36 49 13388 261 10492.7 11532
36 49 13389 262 10551.9 11532
36 49 13390 263 10506.5 11532
36 49 13391 264 10566.4 11532
36 49 13392 265 10572.8 11532
36 49 13393 266 10560.7 11532
36 49 13394 267 10592.3 11532
36 49 13395 268 10618.6 11532
36 49 13396 269 10680.4 11532
36 49 13397 270 10700.5 11532
36 49 13398 271 10683.6 11532
36 49 13399 272 10665.5 11532
36 49 13400 273 10694.7 11532
36 49 13401 274 10735.6 11532
36 49 13402 275 10677.8 11532
36 49 13403 276 10753.9 11532
36 49 13404 277 10806.7 11532
36 49 13405 278 10866.1 11532
36 49 13406 279 10878.3 11532
36 49 13407 280 10860.5 11532
36 49 13408 281 10758.6 11532
36 49 13409 282 10777 11532
36 49 13410 283 10796.3 11532
36 49 13411 284 10778.5 11532
36 49 13412 285 10711.9 11532
36 49 13413 286 10714 11532
36 49 13414 287 10735.9 11532
36 49 13415 288 10773.7 11532
36 49 13416 289 10803.8 11532
36 49 13417 290 10713.1 11532
36 49 13418 291 10651.1 11532
36 49 13419 292 10737.9 11532
36 49 13420 293 10802.1 11532
36 49 13421 294 10839.4 11532
36 49 13422 295 10933.4 11532
36 49 13423 296 10928.1 11532
36 49 13424 297 10999.8 11532
36 49 13425 298 11054.6 11532
36 49 13426 299 11085.5 11532
36 49 13427 300 11063.9 11532
36 49 13428 301 11081.5 11532
36 49 13429 302 11111.8 11532
36 49 13430 303 11144.3 11532
36 49 13431 304 11144.4 11532
36 49 13432 305 11210.4 11532
36 49 13433 306 11162.1 11532
36 49 13434 307 11148.6 11532
36 49 13435 308 11155.4 11532
36 49 13436 309 11165 11532
36 49 13437 310 11105.7 11532
36 49 13438 311 11111 11532
36 49 13439 312 11060.5 11532
36 49 13440 313 11002.6 11532
36 49 13441 314 10960.9 11532
36 49 13442 315 10991.5 11532
36 49 13443 316 11031.5 11532
36 49 13444 317 11142 11532
36 49 13445 318 11096.5 11532
36 49 13446 319 11167.2 11532
36 49 13447 320 11105.6 11532
36 49 13448 321 11117.3 11532
36 49 13449 322 11154.3 11532
36 49 13450 323 11208.7 11532
36 49 13451 324 11327 11532
36 49 13452 325 11292.9 11532
36 49 13453 326 11299.3 11532
36 49 13454 327 11276.4 11532
36 49 13455 328 11283.5 11532
36 49 13456 329 11267.7 11532
36 49 13457 330 11373.9 11532
36 49 13458 331 11427.8 11532
36 49 13459 332 11421.5 11532
36 49 13460 333 11373.2 11532
36 49 13461 334 11385.9 11532
36 49 13462 335 11381 11532
36 49 13463 336 11343.2 11532
36 49 13464 337 11333.9 11532
36 49 13465 338 11400.8 11532
36 49 13466 339 11370.2 11532
36 49 13467 340 11341.2 11532
36 49 13468 341 11338 11532
36 49 13469 342 11356 11532
36 49 13470 343 11318.5 11532
36 49 13471 344 11301.2 11532
36 49 13472 345 11399.7 11532
36 49 13473 346 11424.4 11532
36 49 13474 347 11375.3 11532
36 49 13475 348 11413.8 11532
36 49 13476 349 11433.5 11532
36 49 13477 350 11355.2 11532
36 49 13478 351 11370.9 11532
36 49 13479 352 11424.2 11532
36 49 13480 353 11350.4 11532
36 49 13481 354 11334.9 11532
36 49 13482 355 11322.9 11532
36 49 13483 356 11265.2 11532
36 49 13484 357 11289.5 11532
36 49 13485 358 11263.1 11532
36 49 13486 359 11225.8 11532
36 49 13487 360 11242.4 11532
36 49 13488 361 11294.6 11532
36 49 13489 362 11280.6 11532
36 49 13490 363 11239.2 11532
36 49 13491 364 11209.4 11532
36 49 13492 365 11185 11532
36 49 13493 366 11180.5 11532
36 49 13494 367 11109.2 11532
36 49 13495 368 11053.3 11532
36 49 13496 369 11079.4 11532
36 49 13497 370 11010.8 11532
36 49 13498 371 11040.2 11532
36 49 13499 372 11113.5 11532
36 49 13500 373 11095.4 11532
36 49 13501 374 11234.2 11532
36 49 13502 375 11221.6 11532
36 49 13503 376 11213.4 11532
36 49 13504 377 11262.2 11532
36 49 13505 378 11275.6 11532
36 49 13506 379 11254.5 11532
36 49 13507 380 11232.8 11532
36 49 13508 381 11247.8 11532
36 49 13509 382 11318.8 11532
36 49 13510 383 11336.6 11532
36 49 13511 384 11343.3 11532
36 49 13512 385 11221.1 11532
36 49 13513 386 11220.5 11532
36 49 13514 387 11251.2 11532
36 49 13515 388 11206.1 11532
36 49 13516 389 11139.3 11532
36 49 13517 390 11178.2 11532
36 49 13518 391 11187.6 11532
36 49 13519 392 11177.2 11532
36 49 13520 393 11151.7 11532
36 49 13521 394 11182.9 11532
36 49 13522 395 11214.6 11532
36 49 13523 396 11192.4 11532
36 49 13524 397 11214.1 11532
36 49 13525 398 11297.1 11532
36 49 13526 399 11326.8 11532
36 49 13527 400 11343.9 11532
36 49 13528 401 11321.2 11532
36 49 13529 402 11296.3 11532
36 49 13530 403 11374.1 11532
36 49 13531 404 11431.7 11532
36 49 13532 405 11539.2 11532
36 49 13533 406 11530.1 11532
36 49 13534 407 11575.8 11532
36 49 13535 408 11517.1 11532
36 49 13536 409 11464.2 11532
36 49 13537 410 11346.5 11532
36 49 13538 411 11383.3 11532
36 49 13539 412 11317 11532
36 49 13540 413 11299.3 11532
36 49 13541 414 11348 11532
36 49 13542 415 11337 11532
36 49 13543 416 11348.6 11532
36 49 13544 417 11422 11532
36 49 13545 418 11354.9 11532
36 49 13546 419 11346.7 11532
36 49 13547 420 11398.7 11532
36 49 13548 421 11401.4 11532
36 49 13549 422 11345.2 11532
36 49 13550 423 11333 11532
36 49 13551 424 11269.5 11532
36 49 13552 425 11276.7 11532
36 49 13553 426 11325.4 11532
36 49 13554 427 11346.1 11532
36 49 13555 428 11393.8 11532
36 49 13556 429 11412.9 11532
36 49 13557 430 11437.9 11532
36 49 13558 431 11413.2 11532
36 49 13559 432 11534.1 11532
36 49 13560 433 11608.4 11532
36 49 13561 434 11562.1 11532
36 49 13562 435 11531.8 11532
36 49 13563 436 11617 11532
36 49 13564 437 11540.6 11532
36 49 13565 438 11485 11532
36 49 13566 439 11450 11532
36 49 13567 440 11502.7 11532
36 49 13568 441 11436.1 11532
36 49 13569 442 11409.1 11532
36 49 13570 443 11387.9 11532
36 49 13571 444 11502.9 11532
36 49 13572 445 11540.3 11532
36 49 13573 446 11579.4 11532
36 49 13574 447 11575.4 11532
36 49 13575 448 11694.1 11532
36 49 13576 449 11679.3 11532
36 49 13577 450 11565.5 11532
36 49 13578 451 11610.4 11532
36 49 13579 452 11707.5 11532
36 49 13580 453 11747.1 11532
36 49 13581 454 11746 11532
36 49 13582 455 11751.8 11532
36 49 13583 456 11861.5 11532
36 49 13584 457 11810.8 11532
36 49 13585 458 11782.7 11532
36 49 13586 459 11822.1 11532
36 49 13587 460 11785.4 11532
36 49 13588 461 11748.8 11532
36 49 13589 462 11651.2 11532
36 49 13590 463 11693.2 11532
36 49 13591 464 11676.8 11532
36 49 13592 465 11704.9 11532
36 49 13593 466 11733.3 11532
36 49 13594 467 11729.4 11532
36 49 13595 468 11711.4 11532
36 49 13596 469 11720.5 11532
36 49 13597 470 11709.7 11532
36 49 13598 471 11752.3 11532
36 49 13599 472 11699.6 11532
36 49 13600 473 11683.5 11532
36 49 13601 474 11653.8 11532
36 49 13602 475 11669.3 11532
36 49 13603 476 11677.3 11532
36 49 13604 477 11648.4 11532
36 49 13605 478 11653.6 11532
36 49 13606 479 11627 11532
36 49 13607 480 11675.7 11532
36 49 13608 481 11739 11532
36 49 13609 482 11784.4 11532
36 49 13610 483 11768.9 11532
36 49 13611 484 11822.4 11532
36 49 13612 485 11786.1 11532
36 49 13613 486 11745.9 11532
36 49 13614 487 11732.3 11532
36 49 13615 488 11685.1 11532
36 49 13616 489 11701.6 11532
36 49 13617 490 11710.3 11532
36 49 13618 491 11778.1 11532
36 49 13619 492 11753.5 11532
36 49 13620 493 11777.5 11532
36 49 13621 494 11844.5 11532
36 49 13622 495 11856.5 11532
36 49 13623 496 11830.6 11532
36 49 13624 497 11860.1 11532
36 49 13625 498 11845.9 11532
36 49 13626 499 11796.2 11532
36 49 13627 500 11793.7 11532
36 49 13628 501 11855.2 11532
36 49 13629 502 11960.4 11532
36 49 13630 503 11892.9 11532
36 49 13631 504 11847.8 11532
36 49 13632 505 11841.3 11532
36 49 13633 506 11862.3 11532
36 49 13634 507 11920.1 11532
36 49 13635 508 11935.8 11532
36 49 13636 509 11863.3 11532
36 49 13637 510 11862.9 11532
36 49 13638 511 11772.9 11532
36 49 13639 512 11724.6 11532
36 49 13640 513 11729.2 11532
36 49 13641 514 11775.4 11532
36 49 13642 515 11751.5 11532
36 49 13643 516 11716.1 11532
36 49 13644 517 11701.5 11532
36 49 13645 518 11651.5 11532
36 49 13646 519 11620 11532
36 49 13647 520 11607.7 11532
36 49 13648 521 11609.9 11532
36 49 13649 522 11565.1 11532
36 49 13650 523 11608.8 11532
36 49 13651 524 11587.3 11532
36 49 13652 525 11729.6 11532
36 49 13653 526 11702.1 11532
36 49 13654 527 11627.5 11532
36 49 13655 528 11668.5 11532
36 49 13656 529 11746.9 11532
36 49 13657 530 11820.2 11532
36 49 13658 531 11831.7 11532
36 49 13659 532 11815.5 11532
36 49 13660 533 11845.7 11532
36 49 13661 534 11820.9 11532
36 49 13662 535 11903.5 11532
36 49 13663 536 11962.5 11532
36 49 13664 537 11960.8 11532
36 49 13665 538 11889.5 11532
36 49 13666 539 11859 11532
36 49 13667 540 11843.7 11532
36 49 13668 541 11844.8 11532
36 49 13669 542 11868 11532
36 49 13670 543 11813.3 11532
36 49 13671 544 11781.2 11532
36 49 13672 545 11967.7 11532
36 49 13673 546 11994.4 11532
36 49 13674 547 11967.6 11532
36 49 13675 548 11944.1 11532
36 49 13676 549 11910 11532
36 49 13677 550 11850.2 11532
36 49 13678 551 11689.5 11532
36 49 13679 552 11707.8 11532
36 49 13680 553 11718.7 11532
36 49 13681 554 11724.2 11532
36 49 13682 555 11694.7 11532
36 49 13683 556 11680.1 11532
36 49 13684 557 11658.2 11532
36 49 13685 558 11708.8 11532
36 49 13686 559 11769.9 11532
36 49 13687 560 11825.1 11532
36 49 13688 561 11797.5 11532
36 49 13689 562 11747.9 11532
36 49 13690 563 11761.6 11532
36 49 13691 564 11684.3 11532
36 49 13692 565 11635.7 11532
36 49 13693 566 11627.9 11532
36 49 13694 567 11687.3 11532
36 49 13695 568 11724.9 11532
36 49 13696 569 11729.5 11532
36 49 13697 570 11806.3 11532
36 49 13698 571 11838.1 11532
36 49 13699 572 11929.4 11532
36 49 13700 573 11976.9 11532
36 49 13701 574 11993.5 11532
36 49 13702 575 12018 11532
36 49 13703 576 11971.7 11532
36 49 13704 577 12010.4 11532
36 49 13705 578 11984.8 11532
36 49 13706 579 11962.5 11532
36 49 13707 580 11961.3 11532
36 49 13708 581 11940.8 11532
36 49 13709 582 11954.6 11532
36 49 13710 583 12034.8 11532
36 49 13711 584 11966 11532
36 49 13712 585 11874.7 11532
36 49 13713 586 11896.4 11532
36 49 13714 587 11884.8 11532
36 49 13715 588 11843 11532
36 49 13716 589 11829 11532
36 49 13717 590 11875.2 11532
36 49 13718 591 11816.6 11532
36 49 13719 592 11823.2 11532
36 49 13720 593 11781.6 11532
36 49 13721 594 11787.7 11532
36 49 13722 595 11771.6 11532
36 49 13723 596 11763.7 11532
36 49 13724 597 11786.3 11532
36 49 13725 598 11792.4 11532
36 49 13726 599 11864.6 11532
36 49 13727 600 11883.7 11532
36 49 13728 601 11887.7 11532
36 49 13729 602 11901.1 11532
36 49 13730 603 11870.7 11532
36 49 13731 604 11816.3 11532
36 49 13732 605 11856.3 11532
36 49 13733 606 11937.7 11532
36 49 13734 607 11835.2 11532
36 49 13735 608 11822.8 11532
36 49 13736 609 11778.8 11532
36 49 13737 610 11822.6 11532
36 49 13738 611 11863.6 11532
36 49 13739 612 11904.9 11532
36 49 13740 613 11902.8 11532
36 49 13741 614 11901.2 11532
36 49 13742 615 11836 11532
36 49 13743 616 11816.2 11532
36 49 13744 617 11813.2 11532
36 49 13745 618 11825.6 11532
36 49 13746 619 11791.7 11532
36 49 13747 620 11892 11532
36 49 13748 621 11859.8 11532
36 49 13749 622 11930.5 11532
36 49 13750 623 11947.4 11532
36 49 13751 624 11990.7 11532
36 49 13752 625 12009.1 11532
36 49 13753 626 12012.5 11532
36 49 13754 627 11930.9 11532
36 49 13755 628 11943.4 11532
36 49 13756 629 12020.6 11532
36 49 13757 630 11977.8 11532
36 49 13758 631 12000.9 11532
36 49 13759 632 12086.4 11532
36 49 13760 633 11988.6 11532
36 49 13761 634 11945.5 11532
36 49 13762 635 11948.8 11532
36 49 13763 636 11959.7 11532
36 49 13764 637 11982.5 11532
36 49 13765 638 11945.1 11532
36 49 13766 639 11987.6 11532
36 49 13767 640 12059.5 11532
36 49 13768 641 12021.2 11532
36 49 13769 642 12013.7 11532
36 49 13770 643 12064.6 11532
36 49 13771 644 12084.2 11532
36 49 13772 645 11978.2 11532
36 49 13773 646 11992.4 11532
36 49 13774 647 11911.9 11532
36 49 13775 648 11964 11532
36 49 13776 649 12021.9 11532
36 49 13777 650 12030.7 11532
36 49 13778 651 12072.3 11532
36 49 13779 652 12040.2 11532
36 49 13780 653 11878.1 11532
36 49 13781 654 11862 11532
36 49 13782 655 11852 11532
36 49 13783 656 11791.8 11532
36 49 13784 657 11786.9 11532
36 49 13785 658 11805.7 11532
36 49 13786 659 11836.6 11532
36 49 13787 660 11764.1 11532
36 49 13788 661 11794.6 11532
36 49 13789 662 11746.8 11532
36 49 13790 663 11742.7 11532
36 49 13791 664 11796.5 11532
36 49 13792 665 11777.3 11532
36 49 13793 666 11787.2 11532
36 49 13794 667 11696.8 11532
36 49 13795 668 11611.2 11532
36 49 13796 669 11549.9 11532
36 49 13797 670 11501.8 11532
36 49 13798 671 11498 11532
36 49 13799 672 11479 11532
36 49 13800 673 11513.1 11532
36 49 13801 674 11444.4 11532
36 49 13802 675 11487.2 11532
36 49 13803 676 11398.4 11532
36 49 13804 677 11468.8 11532
36 49 13805 678 11351.4 11532
36 49 13806 679 11360.6 11532
36 49 13807 680 11402.9 11532
36 49 13808 681 11381 11532
36 49 13809 682 11314.1 11532
36 49 13810 683 11258.1 11532
36 49 13811 684 11226.8 11532
36 49 13812 685 11093.2 11532
36 49 13813 686 11125.2 11532
36 49 13814 687 11100.8 11532
36 49 13815 688 10971.8 11532
36 49 13816 689 10933.6 11532
36 49 13817 690 10950 11532
36 49 13818 691 10983.1 11532
36 49 13819 692 10971.9 11532
36 49 13820 693 11130.4 11532
36 49 13821 694 11179 11532
36 49 13822 695 11172 11532
36 49 13823 696 11152 11532
36 49 13824 697 11141.4 11532
36 49 13825 698 11069.3 11532
36 49 13826 699 11067.4 11532
36 49 13827 700 11067.9 11532
36 49 13828 701 11048.4 11532
36 49 13829 702 10971.8 11532
36 49 13830 703 10962.7 11532
36 49 13831 704 10974 11532
36 49 13832 705 10960.6 11532
36 49 13833 706 11058.6 11532
36 49 13834 707 11100.1 11532
36 49 13835 708 11089.4 11532
36 49 13836 709 11016.7 11532
36 49 13837 710 11100.8 11532
36 49 13838 711 11081.1 11532
36 49 13839 712 11035.4 11532
36 49 13840 713 10974.6 11532
36 49 13841 714 11025.6 11532
36 49 13842 715 11105.6 11532
36 49 13843 716 11063 11532
36 49 13844 717 11143.1 11532
36 49 13845 718 11162.4 11532
36 49 13846 719 11190 11532
36 49 13847 720 11170.8 11532
36 49 13848 721 11284.9 11532
36 49 13849 722 11324.1 11532
36 49 13850 723 11266.7 11532
36 49 13851 724 11234.6 11532
36 49 13852 725 11223.5 11532
36 49 13853 726 11290.2 11532
36 49 13854 727 11291.8 11532
36 49 13855 728 11303.2 11532
36 49 13856 729 11354.3 11532
36 49 13857 730 11384.9 11532
36 49 13858 731 11462.2 11532
36 49 13859 732 11500.5 11532
36 49 13860 733 11424.2 11532
36 49 13861 734 11334.3 11532
36 49 13862 735 11400.3 11532
36 49 13863 736 11377 11532
36 49 13864 737 11369.2 11532
36 49 13865 738 11392.3 11532
36 49 13866 739 11462.5 11532
36 49 13867 740 11397.6 11532
36 49 13868 741 11364.5 11532
36 49 13869 742 11402.8 11532
36 49 13870 743 11381.8 11532
36 49 13871 744 11307 11532
36 49 13872 745 11282.9 11532
36 49 13873 746 11268.5 11532
36 49 13874 747 11240.6 11532
36 49 13875 748 11259.8 11532
36 49 13876 749 11312.8 11532
36 49 13877 750 11282.2 11532
36 49 13878 751 11277.4 11532
36 49 13879 752 11193.4 11532
36 49 13880 753 11211.5 11532
36 49 13881 754 11179.7 11532
36 49 13882 755 11144.2 11532
36 49 13883 756 11112.6 11532
36 49 13884 757 11007.3 11532
36 49 13885 758 11024.8 11532
36 49 13886 759 10985 11532
36 49 13887 760 11010.9 11532
36 49 13888 761 10991.8 11532
36 49 13889 762 11051.7 11532
36 49 13890 763 11075.1 11532
36 49 13891 764 11057.3 11532
36 49 13892 765 11118 11532
36 49 13893 766 11027.3 11532
36 49 13894 767 11049.5 11532
36 49 13895 768 11032.9 11532
36 49 13896 769 10966.6 11532
36 49 13897 770 10998.3 11532
36 49 13898 771 11070.3 11532
36 49 13899 772 11127 11532
36 49 13900 773 11127.4 11532
36 49 13901 774 11186.6 11532
36 49 13902 775 11156.2 11532
36 49 13903 776 11160.9 11532
36 49 13904 777 11179.4 11532
36 49 13905 778 11172.6 11532
36 49 13906 779 11157.7 11532
36 49 13907 780 11198.3 11532
36 49 13908 781 11128.3 11532
36 49 13909 782 11156.6 11532
36 49 13910 783 11196.6 11532
36 49 13911 784 11130.3 11532
36 49 13912 785 11189.9 11532
36 49 13913 786 11210.4 11532
36 49 13914 787 11217.2 11532
36 49 13915 788 11303.5 11532
36 49 13916 789 11375.8 11532
36 49 13917 790 11341.1 11532
36 49 13918 791 11308.9 11532
36 49 13919 792 11283.8 11532
36 49 13920 793 11383.4 11532
36 49 13921 794 11417 11532
36 49 13922 795 11405.2 11532
36 49 13923 796 11399.6 11532
36 49 13924 797 11347.8 11532
36 49 13925 798 11479.1 11532
36 49 13926 799 11478.6 11532
36 49 13927 800 11499.4 11532
36 49 13928 801 11483.3 11532
36 49 13929 802 11445 11532
36 49 13930 803 11416.9 11532
36 49 13931 804 11375.3 11532
36 49 13932 805 11394.2 11532
36 49 13933 806 11392.3 11532
36 49 13934 807 11344.5 11532
36 49 13935 808 11295.8 11532
36 49 13936 809 11241.7 11532
36 49 13937 810 11202.9 11532
36 49 13938 811 11169.4 11532
36 49 13939 812 11118.8 11532
36 49 13940 813 11131.2 11532
36 49 13941 814 11190.5 11532
36 49 13942 815 11231.4 11532
36 49 13943 816 11209.8 11532
36 49 13944 817 11246.8 11532
36 49 13945 818 11216.5 11532
36 49 13946 819 11270.4 11532
36 49 13947 820 11329.8 11532
36 49 13948 821 11338.7 11532
36 49 13949 822 11260.7 11532
36 49 13950 823 11269.4 11532
36 49 13951 824 11264.8 11532
35 49 13952 825 11280.8 11532
35 49 13953 826 11236.4 11532
35 49 13954 827 11101.1 11532
35 49 13955 828 11132.7 11532
35 49 13956 829 11150.3 11532
35 49 13957 830 11221.2 11532
35 49 13958 831 11156.7 11532
35 49 13959 832 11216.9 11532
35 49 13960 833 11223.8 11532
35 49 13961 834 11238.9 11532
35 49 13962 835 11336.8 11532
35 49 13963 836 11312.2 11532
35 49 13964 837 11314.5 11532
35 49 13965 838 11253.6 11532
35 49 13966 839 11308.3 11532
35 49 13967 840 11265.7 11532
35 49 13968 841 11351.6 11532
35 49 13969 842 11387.4 11532
35 49 13970 843 11325.6 11532
35 49 13971 844 11265 11532
35 49 13972 845 11288.5 11532
35 49 13973 846 11291.8 11532
35 49 13974 847 11253.1 11532
35 49 13975 848 11292.3 11532
35 49 13976 849 11333.7 11532
35 49 13977 850 11287.6 11532
35 49 13978 851 11338.9 11532
35 49 13979 852 11384.4 11532
35 49 13980 853 11397.1 11532
35 49 13981 854 11408.9 11532
35 49 13982 855 11452.1 11532
35 49 13983 856 11476.9 11532
35 49 13984 857 11510.5 11532
35 49 13985 858 11502.6 11532
35 49 13986 859 11408.2 11532
35 49 13987 860 11368.7 11532
35 49 13988 861 11276.4 11532
35 49 13989 862 11301.7 11532
35 49 13990 863 11232.9 11532
35 49 13991 864 11192.3 11532
35 49 13992 865 11146.1 11532
35 49 13993 866 11229.6 11532
35 49 13994 867 11187.7 11532
35 49 13995 868 11163.4 11532
35 49 13996 869 11252.8 11532
35 49 13997 870 11311.6 11532
35 49 13998 871 11401.8 11532
35 49 13999 872 11348.6 11532
35 49 14000 873 11282.6 11532
35 49 14001 874 11314.2 11532
35 49 14002 875 11267.1 11532
35 49 14003 876 11262.2 11532
35 49 14004 877 11294.9 11532
35 49 14005 878 11389.1 11532
35 49 14006 879 11430.9 11532
35 49 14007 880 11487.7 11532
35 49 14008 881 11491.8 11532
35 49 14009 882 11489.5 11532
35 49 14010 883 11430.5 11532
35 49 14011 884 11462.5 11532
35 49 14012 885 11363.8 11532
35 49 14013 886 11302.4 11532
35 49 14014 887 11284.6 11532
35 49 14015 888 11276 11532
35 49 14016 889 11297.5 11532
35 49 14017 890 11343 11532
35 49 14018 891 11325.6 11532
35 49 14019 892 11233.1 11532
35 49 14020 893 11220 11532
35 49 14021 894 11219.9 11532
35 49 14022 895 11235.3 11532
35 49 14023 896 11111.4 11532
35 49 14024 897 11072.4 11532
35 49 14025 898 11109.7 11532
35 49 14026 899 11036.1 11532
35 49 14027 900 10969 11532
35 49 14028 901 10946.5 11532
35 49 14029 902 10952.5 11532
35 49 14030 903 10929.6 11532
35 49 14031 904 10941.6 11532
35 49 14032 905 10935.6 11532
35 49 14033 906 10917 11532
35 49 14034 907 10983.7 11532
35 49 14035 908 10950.3 11532
35 49 14036 909 10954.2 11532
35 49 14037 910 10907.8 11532
35 49 14038 911 10905.7 11532
35 49 14039 912 10828.4 11532
35 49 14040 913 10788.3 11532
35 49 14041 914 10806.6 11532
35 49 14042 915 10795.1 11532
35 49 14043 916 10795.6 11532
35 49 14044 917 10847.3 11532
35 49 14045 918 10911.3 11532
35 49 14046 919 10992.7 11532
35 49 14047 920 11103.5 11532
35 49 14048 921 11075.8 11532
35 49 14049 922 11086.2 11532
35 49 14050 923 11085.8 11532
35 49 14051 924 11063.2 11532
35 49 14052 925 11137.2 11532
35 49 14053 926 11197.6 11532
35 49 14054 927 11220.5 11532
35 49 14055 928 11225.9 11532
35 49 14056 929 11259.3 11532
35 49 14057 930 11321.9 11532
35 49 14058 931 11255.2 11532
35 49 14059 932 11212.6 11532
35 49 14060 933 11216 11532
35 49 14061 934 11116.3 11532
35 49 14062 935 11070.2 11532
35 49 14063 936 11094.5 11532
35 49 14064 937 11071 11532
35 49 14065 938 11041.3 11532
35 49 14066 939 11044.1 11532
35 49 14067 940 11005.3 11532
35 49 14068 941 10998.3 11532
35 49 14069 942 10991.3 11532
35 49 14070 943 10929.3 11532
35 49 14071 944 10896.4 11532
35 49 14072 945 10940.6 11532
35 49 14073 946 10985.9 11532
35 49 14074 947 10962.9 11532
35 49 14075 948 10859.9 11532
35 49 14076 949 10896.1 11532
35 49 14077 950 10847.7 11532
35 49 14078 951 10894.7 11532
35 49 14079 952 11006 11532
35 49 14080 953 10985.9 11532
35 49 14081 954 11009.4 11532
35 49 14082 955 10975 11532
35 49 14083 956 10961.2 11532
35 49 14084 957 10988.8 11532
35 49 14085 958 10962.1 11532
35 49 14086 959 10990.8 11532
35 49 14087 960 11016.6 11532
35 49 14088 961 11022.5 11532
35 49 14089 962 11041.6 11532
35 49 14090 963 11077.6 11532
35 49 14091 964 11119.8 11532
35 49 14092 965 11160 11532
35 49 14093 966 11181.5 11532
35 49 14094 967 11270.5 11532
35 49 14095 968 11203.6 11532
35 49 14096 969 11104.8 11532
35 49 14097 970 11084.3 11532
35 49 14098 971 11053.9 11532
35 49 14099 972 11044.1 11532
35 49 14100 973 11031.5 11532
35 49 14101 974 11064.3 11532
35 49 14102 975 11000.8 11532
35 49 14103 976 11021.2 11532
35 49 14104 977 11065.5 11532
35 49 14105 978 11070.8 11532
35 49 14106 979 11087.9 11532
35 49 14107 980 11171.1 11532
35 49 14108 981 11288.1 11532
35 49 14109 982 11318 11532
35 49 14110 983 11287.1 11532
35 49 14111 984 11249.2 11532
35 49 14112 985 11231 11532
35 49 14113 986 11190.2 11532
35 49 14114 987 11267.2 11532
35 49 14115 988 11300.2 11532
35 49 14116 989 11328.6 11532
35 49 14117 990 11312.2 11532
35 49 14118 991 11338.9 11532
35 49 14119 992 11396.9 11532
35 49 14120 993 11400.2 11532
35 49 14121 994 11399.3 11532
35 49 14122 995 11408.3 11532
35 49 14123 996 11488 11532
35 49 14124 997 11528.8 11532
35 49 14125 998 11589.7 11532
35 49 14126 999 11608.9 11532
35 49 14127 1000 11590.9 11532
35 49 14128 1001 11591.9 11532
35 49 14129 1002 11642.6 11532
35 49 14130 1003 11684.2 11532
35 49 14131 1004 11638.4 11532
35 49 14132 1005 11652.3 11532
35 49 14133 1006 11615.9 11532
35 49 14134 1007 11645 11532
35 49 14135 1008 11627 11532
35 49 14136 1009 11627.6 11532
35 49 14137 1010 11512.6 11532
35 49 14138 1011 11526.4 11532
35 49 14139 1012 11550.9 11532
35 49 14140 1013 11606.4 11532
35 49 14141 1014 11669.3 11532
35 49 14142 1015 11670.9 11532
35 49 14143 1016 11613.2 11532
35 49 14144 1017 11635.5 11532
35 49 14145 1018 11599.2 11532
35 49 14146 1019 11667 11532
35 49 14147 1020 11656.7 11532
35 49 14148 1021 11662.4 11532
35 49 14149 1022 11642.3 11532
35 49 14150 1023 11698.5 11532
35 49 14151 1024 11652.8 11532
35 49 14152 1025 11695.8 11532
35 49 14153 1026 11732.1 11532
35 49 14154 1027 11747.6 11532
35 49 14155 1028 11797.7 11532
35 49 14156 1029 11790.4 11532
35 49 14157 1030 11771.8 11532
35 49 14158 1031 11771.4 11532
35 49 14159 1032 11725.8 11532
35 49 14160 1033 11697 11532
35 49 14161 1034 11762 11532
35 49 14162 1035 11698.2 11532
35 49 14163 1036 11643.3 11532
35 49 14164 1037 11637.2 11532
35 49 14165 1038 11521.6 11532
35 49 14166 1039 11439.1 11532
35 49 14167 1040 11432.1 11532
35 49 14168 1041 11447.7 11532
35 49 14169 1042 11438.3 11532
35 49 14170 1043 11432.1 11532
35 49 14171 1044 11379.6 11532
35 49 14172 1045 11380.3 11532
35 49 14173 1046 11298.2 11532
35 49 14174 1047 11202.3 11532
35 49 14175 1048 11223.2 11532
35 49 14176 1049 11245.3 11532
35 49 14177 1050 11268.1 11532
35 49 14178 1051 11317 11532
35 49 14179 1052 11415.2 11532
35 49 14180 1053 11396 11532
35 49 14181 1054 11489.5 11532
35 49 14182 1055 11574.5 11532
35 49 14183 1056 11631.8 11532
35 49 14184 1057 11661.8 11532
35 49 14185 1058 11646.5 11532
35 49 14186 1059 11587.8 11532
35 49 14187 1060 11532.5 11532
35 49 14188 1061 11521.5 11532
35 49 14189 1062 11484.6 11532
35 49 14190 1063 11434.5 11532
35 49 14191 1064 11517.6 11532
35 49 14192 1065 11491.2 11532
35 49 14193 1066 11492.7 11532
35 49 14194 1067 11568.4 11532
35 49 14195 1068 11547.5 11532
35 49 14196 1069 11446.4 11532
35 49 14197 1070 11508 11532
35 49 14198 1071 11544.9 11532
35 49 14199 1072 11563.6 11532
35 49 14200 1073 11666 11532
35 49 14201 1074 11686.1 11532
35 49 14202 1075 11681.2 11532
35 49 14203 1076 11635.1 11532
35 49 14204 1077 11618.3 11532
35 49 14205 1078 11583.2 11532
35 49 14206 1079 11578.7 11532
35 49 14207 1080 11612.8 11532
35 49 14208 1081 11702.2 11532
35 49 14209 1082 11765.3 11532
35 49 14210 1083 11707.3 11532
35 49 14211 1084 11774.6 11532
35 49 14212 1085 11769.7 11532
35 49 14213 1086 11810.6 11532
35 49 14214 1087 11741.4 11532
35 49 14215 1088 11783.2 11532
35 49 14216 1089 11773.6 11532
35 49 14217 1090 11838.1 11532
35 49 14218 1091 11854.3 11532
35 49 14219 1092 11790.3 11532
35 49 14220 1093 11757.6 11532
35 49 14221 1094 11751.8 11532
35 49 14222 1095 11724.3 11532
35 49 14223 1096 11733.1 11532
35 49 14224 1097 11689.3 11532
35 49 14225 1098 11684.8 11532
35 49 14226 1099 11638.5 11532
35 49 14227 1100 11670.7 11532
35 49 14228 1101 11592 11532
35 49 14229 1102 11537.5 11532
35 49 14230 1103 11476.7 11532
35 49 14231 1104 11557.8 11532
35 49 14232 1105 11497.8 11532
35 49 14233 1106 11466.7 11532
35 49 14234 1107 11468.4 11532
35 49 14235 1108 11415.7 11532
35 49 14236 1109 11415.7 11532
35 49 14237 1110 11394.1 11532
35 49 14238 1111 11448.4 11532
35 49 14239 1112 11508.8 11532
35 49 14240 1113 11522 11532
35 49 14241 1114 11416.6 11532
35 49 14242 1115 11491.1 11532
35 49 14243 1116 11555.5 11532
35 49 14244 1117 11521.4 11532
35 49 14245 1118 11503.8 11532
35 49 14246 1119 11531.8 11532
35 49 14247 1120 11591 11532
35 49 14248 1121 11633.8 11532
35 49 14249 1122 11690 11532
35 49 14250 1123 11650.9 11532
35 49 14251 1124 11593.7 11532
35 49 14252 1125 11586.8 11532
35 49 14253 1126 11644 11532
35 49 14254 1127 11664.2 11532
35 49 14255 1128 11682.3 11532
35 49 14256 1129 11802.6 11532
35 49 14257 1130 11849.2 11532
35 49 14258 1131 11838.4 11532
35 49 14259 1132 11785.6 11532
35 49 14260 1133 11726.5 11532
35 49 14261 1134 11686.2 11532
35 49 14262 1135 11760.3 11532
35 49 14263 1136 11732.3 11532
35 49 14264 1137 11759.1 11532
35 49 14265 1138 11801.6 11532
35 49 14266 1139 11800.8 11532
35 49 14267 1140 11902 11532
35 49 14268 1141 11935.2 11532
35 49 14269 1142 11914.6 11532
35 49 14270 1143 11884.8 11532
35 49 14271 1144 11929.2 11532
35 49 14272 1145 11970.1 11532
35 49 14273 1146 11979.4 11532
35 49 14274 1147 11969.8 11532
35 49 14275 1148 11993.2 11532
35 49 14276 1149 11953.4 11532
35 49 14277 1150 12016.2 11532
35 49 14278 1151 12024.3 11532
35 49 14279 1152 12028.5 11532
35 49 14280 1153 12066.6 11532
35 49 14281 1154 12064.2 11532
35 49 14282 1155 12053.3 11532
35 49 14283 1156 12047.4 11532
35 49 14284 1157 12057.9 11532
35 49 14285 1158 11979.8 11532
35 49 14286 1159 11980.5 11532
35 49 14287 1160 11949.1 11532
35 49 14288 1161 12011.8 11532
35 49 14289 1162 11984.6 11532
35 49 14290 1163 11995.9 11532
35 49 14291 1164 12095.4 11532
35 49 14292 1165 12060.9 11532
35 49 14293 1166 12019.8 11532
35 49 14294 1167 11965.5 11532
35 49 14295 1168 11980.1 11532
35 49 14296 1169 12013.3 11532
35 49 14297 1170 11938.6 11532
35 49 14298 1171 11992.1 11532
35 49 14299 1172 11983.7 11532
35 49 14300 1173 12058.2 11532
35 49 14301 1174 11976.3 11532
35 49 14302 1175 11911.7 11532
35 49 14303 1176 11881.3 11532
35 49 14304 1177 11891 11532
35 49 14305 1178 11932.3 11532
35 49 14306 1179 11841.3 11532
35 49 14307 1180 11887.2 11532
35 49 14308 1181 11958.1 11532
35 49 14309 1182 11895.8 11532
35 49 14310 1183 11865.4 11532
35 49 14311 1184 11864.4 11532
35 49 14312 1185 11809.3 11532
35 49 14313 1186 11826.3 11532
35 49 14314 1187 11867.4 11532
35 49 14315 1188 11881.8 11532
35 49 14316 1189 11795.8 11532
35 49 14317 1190 11926.2 11532
35 49 14318 1191 11982.5 11532
35 49 14319 1192 11985.7 11532
35 49 14320 1193 11980.7 11532
35 49 14321 1194 11956.8 11532
35 49 14322 1195 12000.2 11532
35 49 14323 1196 12031.7 11532
35 49 14324 1197 12055.9 11532
35 49 14325 1198 12169.1 11532
35 49 14326 1199 12082.8 11532
35 49 14327 1200 12248.1 11532
35 49 14328 1201 12288.7 11532
35 49 14329 1202 12282.4 11532
35 49 14330 1203 12232 11532
35 49 14331 1204 12298.8 11532
35 49 14332 1205 12267.3 11532
35 49 14333 1206 12314.4 11532
35 49 14334 1207 12365.2 11532
35 49 14335 1208 12300.5 11532
35 49 14336 1209 12203.9 11532
35 49 14337 1210 12145.9 11532
35 49 14338 1211 12137.1 11532
35 49 14339 1212 12148.6 11532
35 49 14340 1213 12096 11532
35 49 14341 1214 12096.1 11532
35 49 14342 1215 12093.8 11532
35 49 14343 1216 12011.6 11532
35 49 14344 1217 11992.9 11532
35 49 14345 1218 11917.7 11532
35 49 14346 1219 11901.6 11532
35 49 14347 1220 11835.4 11532
35 49 14348 1221 11817.6 11532
35 49 14349 1222 11770.3 11532
35 49 14350 1223 11761.1 11532
35 49 14351 1224 11744.6 11532
35 49 14352 1225 11779.9 11532
35 49 14353 1226 11820 11532
35 49 14354 1227 11804.1 11532
35 49 14355 1228 11843.5 11532
35 49 14356 1229 11837.1 11532
35 49 14357 1230 11825.9 11532
35 49 14358 1231 11852.1 11532
35 49 14359 1232 11775.1 11532
35 49 14360 1233 11748.4 11532
35 49 14361 1234 11868.6 11532
35 49 14362 1235 11878.2 11532
35 49 14363 1236 11917 11532
35 49 14364 1237 11894.9 11532
35 49 14365 1238 11884.6 11532
35 49 14366 1239 11849.8 11532
35 49 14367 1240 11812.9 11532
35 49 14368 1241 11775.9 11532
35 49 14369 1242 11789.9 11532
35 49 14370 1243 11792.3 11532
35 49 14371 1244 11781.4 11532
35 49 14372 1245 11812.7 11532
35 49 14373 1246 11844.7 11532
35 49 14374 1247 11864.3 11532
35 49 14375 1248 11786.7 11532
35 49 14376 1249 11849.4 11532
35 49 14377 1250 11848.8 11532
35 49 14378 1251 11862.1 11532
35 49 14379 1252 11881.1 11532
35 49 14380 1253 11867.9 11532
35 49 14381 1254 11870.9 11532
35 49 14382 1255 11868.4 11532
35 49 14383 1256 11750.5 11532
35 49 14384 1257 11810.5 11532
35 49 14385 1258 11858 11532
35 49 14386 1259 11763.1 11532
35 49 14387 1260 11670.5 11532
35 49 14388 1261 11762.5 11532
35 49 14389 1262 11725.4 11532
35 49 14390 1263 11846.1 11532
35 49 14391 1264 11821.1 11532
35 49 14392 1265 11745 11532
35 49 14393 1266 11846.1 11532
35 49 14394 1267 11827.8 11532
35 49 14395 1268 11883.2 11532
35 49 14396 1269 11903.2 11532
35 49 14397 1270 11933.5 11532
35 49 14398 1271 11929.5 11532
35 49 14399 1272 11916.1 11532
35 49 14400 1273 11939.3 11532
35 49 14401 1274 11909.8 11532
35 49 14402 1275 11891.9 11532
35 49 14403 1276 11865.7 11532
35 49 14404 1277 11827.5 11532
35 49 14405 1278 11822.7 11532
35 49 14406 1279 11741.9 11532
35 49 14407 1280 11760.3 11532
35 49 14408 1281 11778.3 11532
35 49 14409 1282 11714.4 11532
35 49 14410 1283 11726.1 11532
35 49 14411 1284 11757 11532
35 49 14412 1285 11815.6 11532
35 49 14413 1286 11832.6 11532
35 49 14414 1287 11802.8 11532
35 49 14415 1288 11824.9 11532
35 49 14416 1289 11903.6 11532
35 49 14417 1290 11873.4 11532
35 49 14418 1291 11846.7 11532
35 49 14419 1292 11797 11532
35 49 14420 1293 11775.9 11532
35 49 14421 1294 11608.5 11532
35 49 14422 1295 11601.1 11532
35 49 14423 1296 11605.3 11532
35 49 14424 1297 11622.3 11532
35 49 14425 1298 11654.4 11532
35 49 14426 1299 11586.4 11532
35 49 14427 1300 11594 11532
35 49 14428 1301 11514.1 11532
35 49 14429 1302 11549.4 11532
35 49 14430 1303 11494.6 11532
35 49 14431 1304 11580.5 11532
35 49 14432 1305 11559.9 11532
35 49 14433 1306 11641.8 11532
35 49 14434 1307 11726.7 11532
35 49 14435 1308 11691.1 11532
35 49 14436 1309 11756.8 11532
35 49 14437 1310 11749.1 11532
35 49 14438 1311 11790.1 11532
35 49 14439 1312 11835.7 11532
35 49 14440 1313 11819.4 11532
35 49 14441 1314 11817.5 11532
35 49 14442 1315 11781.4 11532
35 49 14443 1316 11721.6 11532
35 49 14444 1317 11620.5 11532
35 49 14445 1318 11552.3 11532
35 49 14446 1319 11598.2 11532
35 49 14447 1320 11583.6 11532
35 49 14448 1321 11671.7 11532
35 49 14449 1322 11714.3 11532
35 49 14450 1323 11658.2 11532
35 49 14451 1324 11642.2 11532
35 49 14452 1325 11688.8 11532
35 49 14453 1326 11624 11532
35 49 14454 1327 11696.6 11532
35 49 14455 1328 11663.3 11532
35 49 14456 1329 11608.1 11532
35 49 14457 1330 11672.7 11532
35 49 14458 1331 11727 11532
35 49 14459 1332 11801.9 11532
35 49 14460 1333 11785.6 11532
35 49 14461 1334 11801.1 11532
35 49 14462 1335 11864 11532
35 49 14463 1336 11795.9 11532
35 49 14464 1337 11846.4 11532
35 49 14465 1338 11930.1 11532
35 49 14466 1339 11853.6 11532
35 49 14467 1340 11830.9 11532
35 49 14468 1341 11800.5 11532
35 49 14469 1342 11893.5 11532
35 49 14470 1343 11839.3 11532
35 49 14471 1344 11795 11532
35 49 14472 1345 11767.6 11532
35 49 14473 1346 11746 11532
35 49 14474 1347 11704.4 11532
35 49 14475 1348 11627.6 11532
35 49 14476 1349 11543.3 11532
35 49 14477 1350 11522.6 11532
35 49 14478 1351 11588.6 11532
35 49 14479 1352 11576.6 11532
35 49 14480 1353 11511 11532
35 49 14481 1354 11472.5 11532
35 49 14482 1355 11461.4 11532
35 49 14483 1356 11454.9 11532
35 49 14484 1357 11423.9 11532
35 49 14485 1358 11320.3 11532
35 49 14486 1359 11446 11532
35 49 14487 1360 11422 11532
35 49 14488 1361 11406.8 11532
35 49 14489 1362 11309.1 11532
35 49 14490 1363 11287.6 11532
35 49 14491 1364 11209.5 11532
35 49 14492 1365 11164.8 11532
35 49 14493 1366 11158.7 11532
35 49 14494 1367 11141 11532
35 49 14495 1368 11132 11532
35 49 14496 1369 11194.5 11532
35 49 14497 1370 11169.4 11532
35 49 14498 1371 11158.9 11532
35 49 14499 1372 11248.1 11532
35 49 14500 1373 11258.3 11532
35 49 14501 1374 11229 11532
35 49 14502 1375 11216.8 11532
35 49 14503 1376 11185.3 11532
35 49 14504 1377 11148.3 11532
35 49 14505 1378 11189 11532
35 49 14506 1379 11196.8 11532
35 49 14507 1380 11142.7 11532
35 49 14508 1381 11186.5 11532
35 49 14509 1382 11206.7 11532
35 49 14510 1383 11208.8 11532
35 49 14511 1384 11176.8 11532
35 49 14512 1385 11167.6 11532
35 49 14513 1386 11178.4 11532
35 49 14514 1387 11194.6 11532
35 49 14515 1388 11181.7 11532
35 49 14516 1389 11111.1 11532
35 49 14517 1390 11025.2 11532
35 49 14518 1391 10977.7 11532
35 49 14519 1392 11008 11532
35 49 14520 1393 10968.8 11532
35 49 14521 1394 11019.6 11532
35 49 14522 1395 11044.5 11532
35 49 14523 1396 11074.4 11532
35 49 14524 1397 11154.2 11532
35 49 14525 1398 11144 11532
35 49 14526 1399 11177.8 11532
35 49 14527 1400 11122.8 11532
35 49 14528 1401 11114.6 11532
35 49 14529 1402 11142.1 11532
35 49 14530 1403 11173.7 11532
35 49 14531 1404 11151.5 11532
35 49 14532 1405 11079 11532
35 49 14533 1406 11097.1 11532
35 49 14534 1407 11099.4 11532
35 49 14535 1408 11103.5 11532
35 49 14536 1409 11090.9 11532
35 49 14537 1410 11116.7 11532
35 49 14538 1411 11111.3 11532
35 49 14539 1412 11189.9 11532
35 49 14540 1413 11186.8 11532
35 49 14541 1414 11154.8 11532
35 49 14542 1415 11192.4 11532
35 49 14543 1416 11201 11532
35 49 14544 1417 11220.8 11532
35 49 14545 1418 11211.5 11532
35 49 14546 1419 11323.2 11532
35 49 14547 1420 11243 11532
35 49 14548 1421 11179.1 11532
35 49 14549 1422 11126.6 11532
35 49 14550 1423 11080.5 11532
35 49 14551 1424 11036 11532
35 49 14552 1425 11034.7 11532
35 49 14553 1426 11130.4 11532
35 49 14554 1427 11221.1 11532
35 49 14555 1428 11251.1 11532
35 49 14556 1429 11260.3 11532
35 49 14557 1430 11161.9 11532
35 49 14558 1431 11203.8 11532
35 49 14559 1432 11247.3 11532
35 49 14560 1433 11205.4 11532
35 49 14561 1434 11214.6 11532
35 49 14562 1435 11268.3 11532
35 49 14563 1436 11245.8 11532
35 49 14564 1437 11170 11532
35 49 14565 1438 11138.6 11532
35 49 14566 1439 11168.5 11532
35 49 14567 1440 11222.7 11532
35 49 14568 1441 11182.5 11532
35 49 14569 1442 11243.8 11532
35 49 14570 1443 11216.8 11532
35 49 14571 1444 11211.5 11532
35 49 14572 1445 11207.3 11532
35 49 14573 1446 11224.4 11532
35 49 14574 1447 11196.2 11532
35 49 14575 1448 11221.8 11532
35 49 14576 1449 11122.2 11532
35 49 14577 1450 11104.6 11532
35 49 14578 1451 11161.1 11532
35 49 14579 1452 11214.8 11532
35 49 14580 1453 11243.7 11532
35 49 14581 1454 11176.3 11532
35 49 14582 1455 11272.7 11532
35 49 14583 1456 11270.5 11532
35 49 14584 1457 11271.9 11532
35 49 14585 1458 11318.8 11532
35 49 14586 1459 11347 11532
35 49 14587 1460 11355.7 11532
35 49 14588 1461 11284.6 11532
35 49 14589 1462 11281.7 11532
35 49 14590 1463 11310.2 11532
35 49 14591 1464 11290.1 11532
35 49 14592 1465 11249.7 11532
35 49 14593 1466 11264.6 11532
35 49 14594 1467 11217.4 11532
35 49 14595 1468 11197.6 11532
35 49 14596 1469 11249.4 11532
35 49 14597 1470 11351.5 11532
35 49 14598 1471 11376.3 11532
35 49 14599 1472 11359 11532
35 49 14600 1473 11350 11532
35 49 14601 1474 11338.4 11532
35 49 14602 1475 11384.1 11532
35 49 14603 1476 11400.4 11532
35 49 14604 1477 11313.4 11532
35 49 14605 1478 11296.1 11532
35 49 14606 1479 11294.9 11532
35 49 14607 1480 11277.4 11532
35 49 14608 1481 11308.7 11532
35 49 14609 1482 11262.9 11532
35 49 14610 1483 11327.4 11532
35 49 14611 1484 11379 11532
35 49 14612 1485 11320.3 11532
35 49 14613 1486 11357.3 11532
35 49 14614 1487 11345.8 11532
35 49 14615 1488 11342.6 11532
35 49 14616 1489 11313.8 11532
35 49 14617 1490 11305 11532
35 49 14618 1491 11366.9 11532
35 49 14619 1492 11410.5 11532
35 49 14620 1493 11444.5 11532
35 49 14621 1494 11418.8 11532
35 49 14622 1495 11348.3 11532
35 49 14623 1496 11281.8 11532
35 49 14624 1497 11272.2 11532
35 49 14625 1498 11320.4 11532
35 49 14626 1499 11251.6 11532
35 49 14627 1500 11315.4 11532
35 49 14628 1501 11384.8 11532
35 49 14629 1502 11315.5 11532
35 49 14630 1503 11393.1 11532
35 49 14631 1504 11212.7 11532
35 49 14632 1505 11180.9 11532
35 49 14633 1506 11219.4 11532
35 49 14634 1507 11221.5 11532
35 49 14635 1508 11214 11532
35 49 14636 1509 11186.7 11532
35 49 14637 1510 11112 11532
35 49 14638 1511 11121.3 11532
35 49 14639 1512 11164.7 11532
35 49 14640 1513 11143.4 11532
35 49 14641 1514 11173 11532
35 49 14642 1515 11179.6 11532
35 49 14643 1516 11199.2 11532
35 49 14644 1517 11168.5 11532
35 49 14645 1518 11154.2 11532
35 49 14646 1519 11158.8 11532
35 49 14647 1520 11088.6 11532
35 49 14648 1521 11110.3 11532
35 49 14649 1522 11104.1 11532
35 49 14650 1523 11084.6 11532
35 49 14651 1524 11105.2 11532
35 49 14652 1525 11159.3 11532
35 49 14653 1526 11238.8 11532
35 49 14654 1527 11288.6 11532
35 49 14655 1528 11253 11532
35 49 14656 1529 11215.1 11532
35 49 14657 1530 11209.7 11532
35 49 14658 1531 11325.5 11532
35 49 14659 1532 11211.5 11532
35 49 14660 1533 11331.5 11532
35 49 14661 1534 11260.4 11532
35 49 14662 1535 11340.6 11532
35 49 14663 1536 11414.2 11532
35 49 14664 1537 11422.2 11532
35 49 14665 1538 11449.1 11532
35 49 14666 1539 11489.2 11532
35 49 14667 1540 11477.2 11532
35 49 14668 1541 11462.4 11532
35 49 14669 1542 11486.4 11532
35 49 14670 1543 11501.5 11532
35 49 14671 1544 11445.7 11532
35 49 14672 1545 11410.7 11532
35 49 14673 1546 11400.3 11532
35 49 14674 1547 11462.2 11532
35 49 14675 1548 11437 11532
35 49 14676 1549 11463.1 11532
35 49 14677 1550 11522.9 11532
35 49 14678 1551 11550.5 11532
35 49 14679 1552 11519 11532
35 49 14680 1553 11524.3 11532
35 49 14681 1554 11521.4 11532
35 49 14682 1555 11504.9 11532
35 49 14683 1556 11495 11532
35 49 14684 1557 11523.1 11532
35 49 14685 1558 11485.3 11532
35 49 14686 1559 11508.1 11532
35 49 14687 1560 11514.6 11532
35 49 14688 1561 11520.1 11532
35 49 14689 1562 11521.9 11532
35 49 14690 1563 11461 11532
35 49 14691 1564 11442.7 11532
35 49 14692 1565 11452.7 11532
35 49 14693 1566 11492.7 11532
35 49 14694 1567 11532.9 11532
35 49 14695 1568 11578.1 11532
35 49 14696 1569 11568.3 11532
35 49 14697 1570 11617.4 11532
35 49 14698 1571 11641.8 11532
35 49 14699 1572 11586.9 11532
35 49 14700 1573 11506.9 11532
35 49 14701 1574 11445.7 11532
35 49 14702 1575 11408.5 11532
35 49 14703 1576 11447.9 11532
35 49 14704 1577 11357.9 11532
35 49 14705 1578 11334.4 11532
35 49 14706 1579 11317.8 11532
35 49 14707 1580 11302.5 11532
35 49 14708 1581 11314.9 11532
35 49 14709 1582 11309 11532
35 49 14710 1583 11390.8 11532
35 49 14711 1584 11419.4 11532
35 49 14712 1585 11491.3 11532
35 49 14713 1586 11456.8 11532
35 49 14714 1587 11465.4 11532
35 49 14715 1588 11411.8 11532
35 49 14716 1589 11342 11532
35 49 14717 1590 11331.8 11532
35 49 14718 1591 11384.7 11532
35 49 14719 1592 11470.8 11532
35 49 14720 1593 11444.3 11532
35 49 14721 1594 11454.8 11532
35 49 14722 1595 11452 11532
35 49 14723 1596 11451.5 11532
35 49 14724 1597 11479.2 11532
35 49 14725 1598 11458.4 11532
35 49 14726 1599 11420.2 11532
35 49 14727 1600 11385.9 11532
35 49 14728 1601 11369.5 11532
35 49 14729 1602 11355.7 11532
35 49 14730 1603 11400 11532
35 49 14731 1604 11388.7 11532
35 49 14732 1605 11420.9 11532
35 49 14733 1606 11398.5 11532
35 49 14734 1607 11394.3 11532
35 49 14735 1608 11379.2 11532
35 49 14736 1609 11427.9 11532
35 49 14737 1610 11494.5 11532
35 49 14738 1611 11491.5 11532
35 49 14739 1612 11486.6 11532
35 49 14740 1613 11487.3 11532
35 49 14741 1614 11412.1 11532
35 49 14742 1615 11378.7 11532
35 49 14743 1616 11398.9 11532
35 49 14744 1617 11368 11532
35 49 14745 1618 11388.2 11532
35 49 14746 1619 11364.8 11532
35 49 14747 1620 11319 11532
35 49 14748 1621 11271.8 11532
35 49 14749 1622 11287.9 11532
35 49 14750 1623 11223.9 11532
35 49 14751 1624 11179.5 11532
35 49 14752 1625 11292.8 11532
35 49 14753 1626 11248.5 11532
35 49 14754 1627 11318.8 11532
35 49 14755 1628 11314.1 11532
35 49 14756 1629 11275.4 11532
35 49 14757 1630 11212.1 11532
35 49 14758 1631 11117.7 11532
35 49 14759 1632 11125.2 11532
35 49 14760 1633 11133.2 11532
35 49 14761 1634 11135.1 11532
35 49 14762 1635 11191.1 11532
35 49 14763 1636 11188.1 11532
35 49 14764 1637 11235.4 11532
35 49 14765 1638 11200.4 11532
35 49 14766 1639 11209.9 11532
35 49 14767 1640 11150.2 11532
35 49 14768 1641 11168.2 11532
35 49 14769 1642 11110.3 11532
35 49 14770 1643 11123.8 11532
35 49 14771 1644 11139 11532
35 49 14772 1645 11117 11532
35 49 14773 1646 11179.5 11532
35 49 14774 1647 11159.2 11532
35 49 14775 1648 11182.9 11532
35 49 14776 1649 11174 11532
35 49 14777 1650 11164.7 11532
35 49 14778 1651 11134.3 11532
35 49 14779 1652 11083.3 11532
35 49 14780 1653 11106.2 11532
35 49 14781 1654 11153.7 11532
35 49 14782 1655 11179 11532
35 49 14783 1656 11226.1 11532
35 49 14784 1657 11300.9 11532
35 49 14785 1658 11375.3 11532
35 49 14786 1659 11316.4 11532
35 49 14787 1660 11238.9 11532
35 49 14788 1661 11140.9 11532
35 49 14789 1662 11129.4 11532
35 49 14790 1663 11106.5 11532
35 49 14791 1664 11089.2 11532
35 49 14792 1665 11174.8 11532
35 49 14793 1666 11122.9 11532
35 49 14794 1667 11111.2 11532
35 49 14795 1668 11027.3 11532
35 49 14796 1669 11049.1 11532
35 49 14797 1670 10996.6 11532
35 49 14798 1671 10978.3 11532
35 49 14799 1672 10993 11532
35 49 14800 1673 10931.9 11532
35 49 14801 1674 10936.2 11532
35 49 14802 1675 10890.2 11532
35 49 14803 1676 10858.2 11532
35 49 14804 1677 10822.4 11532
35 49 14805 1678 10850.9 11532
35 49 14806 1679 10950.9 11532
35 49 14807 1680 10929.1 11532
35 49 14808 1681 10964.1 11532
35 49 14809 1682 10948.8 11532
35 49 14810 1683 10957.7 11532
35 49 14811 1684 10962 11532
35 49 14812 1685 10904.6 11532
35 49 14813 1686 10827.1 11532
35 49 14814 1687 10854.1 11532
35 49 14815 1688 10882.4 11532
35 49 14816 1689 10921.7 11532
35 49 14817 1690 10980.5 11532
35 49 14818 1691 10926.2 11532
35 49 14819 1692 10956.4 11532
35 49 14820 1693 10862.7 11532
35 49 14821 1694 10819 11532
35 49 14822 1695 10846 11532
35 49 14823 1696 10900.5 11532
35 49 14824 1697 10929.3 11532
35 49 14825 1698 10943 11532
35 49 14826 1699 10949.6 11532
35 49 14827 1700 10988.4 11532
35 49 14828 1701 10931.7 11532
35 49 14829 1702 10865.1 11532
35 49 14830 1703 10852.1 11532
35 49 14831 1704 10857.4 11532
35 49 14832 1705 10823.7 11532
35 49 14833 1706 10715.5 11532
35 49 14834 1707 10700 11532
35 49 14835 1708 10723.5 11532
35 49 14836 1709 10713.2 11532
35 49 14837 1710 10683.8 11532
35 49 14838 1711 10724.9 11532
35 49 14839 1712 10698.2 11532
35 49 14840 1713 10705.9 11532
35 49 14841 1714 10628.2 11532
35 49 14842 1715 10572.4 11532
35 49 14843 1716 10609.6 11532
35 49 14844 1717 10694.7 11532
35 49 14845 1718 10810.5 11532
35 49 14846 1719 10767.1 11532
35 49 14847 1720 10743.7 11532
35 49 14848 1721 10624.8 11532
35 49 14849 1722 10623.7 11532
35 49 14850 1723 10621.1 11532
35 49 14851 1724 10643.2 11532
35 49 14852 1725 10688.9 11532
35 49 14853 1726 10702.7 11532
35 49 14854 1727 10724 11532
35 49 14855 1728 10600.4 11532
35 49 14856 1729 10543.4 11532
35 49 14857 1730 10577.2 11532
35 49 14858 1731 10577.4 11532
35 49 14859 1732 10650.4 11532
35 49 14860 1733 10792.1 11532
35 49 14861 1734 10741.8 11532
35 49 14862 1735 10718.5 11532
35 49 14863 1736 10569 11532
35 49 14864 1737 10571.9 11532
35 49 14865 1738 10549.4 11532
35 49 14866 1739 10525.2 11532
35 49 14867 1740 10610.7 11532
35 49 14868 1741 10683.3 11532
35 49 14869 1742 10680.4 11532
35 49 14870 1743 10777.7 11532
35 49 14871 1744 10867.1 11532
35 49 14872 1745 10904.6 11532
35 49 14873 1746 10901 11532
35 49 14874 1747 10929.2 11532
35 49 14875 1748 10940 11532
35 49 14876 1749 10900.9 11532
35 49 14877 1750 10939.6 11532
35 49 14878 1751 10894.6 11532
35 49 14879 1752 10868.5 11532
35 49 14880 1753 10842.3 11532
35 49 14881 1754 10885.5 11532
35 49 14882 1755 10864.9 11532
35 49 14883 1756 10892.5 11532
35 49 14884 1757 10910.7 11532
35 49 14885 1758 10809.3 11532
35 49 14886 1759 10900 11532
35 49 14887 1760 10964.3 11532
35 49 14888 1761 10923.3 11532
35 49 14889 1762 10936 11532
35 49 14890 1763 10899.1 11532
35 49 14891 1764 10856.6 11532
35 49 14892 1765 10956.6 11532
35 49 14893 1766 10946.6 11532
35 49 14894 1767 10909.4 11532
35 49 14895 1768 10909.3 11532
35 49 14896 1769 10918.3 11532
35 49 14897 1770 10860.7 11532
35 49 14898 1771 10824.4 11532
35 49 14899 1772 10892.8 11532
35 49 14900 1773 10921.5 11532
35 49 14901 1774 11014.4 11532
35 49 14902 1775 11012 11532
35 49 14903 1776 10966.8 11532
35 49 14904 1777 10913.4 11532
35 49 14905 1778 10887.3 11532
35 49 14906 1779 10954.9 11532
35 49 14907 1780 10870 11532
35 49 14908 1781 10938.9 11532
35 49 14909 1782 10909.6 11532
35 49 14910 1783 10927 11532
35 49 14911 1784 10908.7 11532
35 49 14912 1785 10889.9 11532
35 49 14913 1786 10937.8 11532
35 49 14914 1787 10959.7 11532
35 49 14915 1788 10835.5 11532
35 49 14916 1789 10858 11532
35 49 14917 1790 10790.1 11532
35 49 14918 1791 10821 11532
35 49 14919 1792 10706.6 11532
35 49 14920 1793 10631.9 11532
35 49 14921 1794 10664.8 11532
35 49 14922 1795 10695.7 11532
35 49 14923 1796 10664.2 11532
35 49 14924 1797 10744.6 11532
35 49 14925 1798 10792.9 11532
35 49 14926 1799 10657.9 11532
35 49 14927 1800 10666.5 11532
35 49 14928 1801 10606.2 11532
35 49 14929 1802 10607.3 11532
35 49 14930 1803 10595.3 11532
35 49 14931 1804 10548 11532
35 49 14932 1805 10659.8 11532
35 49 14933 1806 10568.1 11532
35 49 14934 1807 10625.6 11532
35 49 14935 1808 10621.4 11532
35 49 14936 1809 10629.3 11532
35 49 14937 1810 10685.9 11532
35 49 14938 1811 10654.8 11532
35 49 14939 1812 10667.5 11532
35 49 14940 1813 10614 11532
35 49 14941 1814 10592.9 11532
35 49 14942 1815 10685.5 11532
35 49 14943 1816 10707.1 11532
35 49 14944 1817 10731.7 11532
35 49 14945 1818 10791.6 11532
35 49 14946 1819 10893.3 11532
35 49 14947 1820 10869.3 11532
35 49 14948 1821 10895.4 11532
35 49 14949 1822 10919.9 11532
35 49 14950 1823 10865.3 11532
35 49 14951 1824 10849.1 11532
35 49 14952 1825 10775.7 11532
35 49 14953 1826 10754.7 11532
35 49 14954 1827 10730.9 11532
35 49 14955 1828 10796.8 11532
35 49 14956 1829 10798.1 11532
35 49 14957 1830 10786.4 11532
35 49 14958 1831 10920.6 11532
35 49 14959 1832 10919.2 11532
35 49 14960 1833 10895.6 11532
35 49 14961 1834 10831.9 11532
35 49 14962 1835 10904.9 11532
35 49 14963 1836 10879.3 11532
35 49 14964 1837 10926.1 11532
35 49 14965 1838 10886.3 11532
35 49 14966 1839 10897.8 11532
35 49 14967 1840 10954.9 11532
35 49 14968 1841 10856.6 11532
35 49 14969 1842 10888.9 11532
35 49 14970 1843 10805.6 11532
35 49 14971 1844 10766.3 11532
35 49 14972 1845 10801.2 11532
35 49 14973 1846 10878.3 11532
35 49 14974 1847 10862.3 11532
35 49 14975 1848 10924.6 11532
35 49 14976 1849 10977.2 11532
35 49 14977 1850 10988.2 11532
35 49 14978 1851 10937 11532
35 49 14979 1852 10938.4 11532
35 49 14980 1853 10962.6 11532
35 49 14981 1854 11013.3 11532
35 49 14982 1855 10980.4 11532
35 49 14983 1856 10975.2 11532
35 49 14984 1857 11002.5 11532
35 49 14985 1858 11005.9 11532
35 49 14986 1859 11103.2 11532
35 49 14987 1860 10946.4 11532
35 49 14988 1861 10951.5 11532
35 49 14989 1862 10952.7 11532
35 49 14990 1863 10951.9 11532
35 49 14991 1864 10955.5 11532
35 49 14992 1865 10923.3 11532
35 49 14993 1866 10971.6 11532
35 49 14994 1867 11004 11532
35 49 14995 1868 10976 11532
35 49 14996 1869 10965.4 11532
35 49 14997 1870 10972.6 11532
35 49 14998 1871 11044.6 11532
35 49 14999 1872 11071.2 11532
35 49 15000 1873 11106.2 11532
35 49 15001 1874 11094.3 11532
35 49 15002 1875 11045.3 11532
35 49 15003 1876 11052.8 11532
35 49 15004 1877 11075.4 11532
35 49 15005 1878 11052.8 11532
35 49 15006 1879 11047.3 11532
35 49 15007 1880 11040.3 11532
35 49 15008 1881 11047.8 11532
35 49 15009 1882 11004.8 11532
35 49 15010 1883 11019.5 11532
35 49 15011 1884 11045.6 11532
35 49 15012 1885 11040.2 11532
35 49 15013 1886 11067.6 11532
35 49 15014 1887 10984.2 11532
35 49 15015 1888 11026.4 11532
35 49 15016 1889 11037.8 11532
35 49 15017 1890 11098.1 11532
35 49 15018 1891 11093.4 11532
35 49 15019 1892 11153.6 11532
35 49 15020 1893 11191.6 11532
35 49 15021 1894 11205.9 11532
35 49 15022 1895 11228 11532
35 49 15023 1896 11161.2 11532
35 49 15024 1897 11093.1 11532
35 49 15025 1898 11112.6 11532
35 49 15026 1899 11191.3 11532
35 49 15027 1900 11206.2 11532
35 49 15028 1901 11281.3 11532
35 49 15029 1902 11301.9 11532
35 49 15030 1903 11322.6 11532
35 49 15031 1904 11357.4 11532
35 49 15032 1905 11409.8 11532
35 49 15033 1906 11400.2 11532
35 49 15034 1907 11436.6 11532
35 49 15035 1908 11509.4 11532
35 49 15036 1909 11581.3 11532
35 49 15037 1910 11576.4 11532
35 49 15038 1911 11602.6 11532
35 49 15039 1912 11675.9 11532
35 49 15040 1913 11685.4 11532
35 49 15041 1914 11753.1 11532
35 49 15042 1915 11753.6 11532
35 49 15043 1916 11799.2 11532
35 49 15044 1917 11756.8 11532
35 49 15045 1918 11813.6 11532
35 49 15046 1919 11793.9 11532
35 49 15047 1920 11789.6 11532
35 49 15048 1921 11747.2 11532
35 49 15049 1922 11727.2 11532
35 49 15050 1923 11702.5 11532
35 49 15051 1924 11625.3 11532
35 49 15052 1925 11605.2 11532
35 49 15053 1926 11599.3 11532
35 49 15054 1927 11704.6 11532
35 49 15055 1928 11691.8 11532
35 49 15056 1929 11773.2 11532
35 49 15057 1930 11755 11532
35 49 15058 1931 11712.3 11532
35 49 15059 1932 11737.2 11532
35 49 15060 1933 11718.4 11532
35 49 15061 1934 11802.5 11532
35 49 15062 1935 11752.9 11532
35 49 15063 1936 11710.4 11532
35 49 15064 1937 11679.6 11532
35 49 15065 1938 11664.3 11532
35 49 15066 1939 11717.3 11532
35 49 15067 1940 11806.9 11532
35 49 15068 1941 11806 11532
35 49 15069 1942 11825.6 11532
35 49 15070 1943 11803.8 11532
35 49 15071 1944 11849.5 11532
35 49 15072 1945 11884.5 11532
35 49 15073 1946 11893 11532
33 49 15074 1947 11972.2 11532
33 49 15075 1948 11973 11532
33 49 15076 1949 12010.2 11532
33 49 15077 1950 12004.2 11532
33 49 15078 1951 11970.7 11532
33 49 15079 1952 11939.7 11532
33 49 15080 1953 11975.9 11532
33 49 15081 1954 11896.9 11532
33 49 15082 1955 11856.2 11532
33 49 15083 1956 11812.5 11532
33 49 15084 1957 11775.2 11532
33 49 15085 1958 11703.3 11532
33 49 15086 1959 11663.2 11532
33 49 15087 1960 11739.8 11532
33 49 15088 1961 11769.5 11532
33 49 15089 1962 11783.3 11532
33 49 15090 1963 11785.1 11532
33 49 15091 1964 11920.5 11532
33 49 15092 1965 11945.7 11532
33 49 15093 1966 11989.2 11532
33 49 15094 1967 11993.8 11532
33 49 15095 1968 12018.9 11532
33 49 15096 1969 12086.8 11532
33 49 15097 1970 12081.8 11532
33 49 15098 1971 12157.1 11532
33 49 15099 1972 12246.3 11532
33 49 15100 1973 12192.5 11532
33 49 15101 1974 12182.6 11532
33 49 15102 1975 12170.4 11532
33 49 15103 1976 12188.3 11532
33 49 15104 1977 12117 11532
33 49 15105 1978 12127.1 11532
33 49 15106 1979 12192.2 11532
33 49 15107 1980 12149.3 11532
33 49 15108 1981 12114 11532
33 49 15109 1982 12003.5 11532
33 49 15110 1983 11945.6 11532
33 49 15111 1984 11963.2 11532
33 49 15112 1985 11947.7 11532
33 49 15113 1986 12001.7 11532
33 49 15114 1987 11956.4 11532
33 49 15115 1988 11850.6 11532
33 49 15116 1989 11778.1 11532
33 49 15117 1990 11738.2 11532
33 49 15118 1991 11745.1 11532
33 49 15119 1992 11732.3 11532
33 49 15120 1993 11701 11532
33 49 15121 1994 11765.3 11532
33 49 15122 1995 11749.2 11532
33 49 15123 1996 11767.8 11532
33 49 15124 1997 11768.8 11532
