37 50 13127 0 0 94984
37 50 13128 1 704.328 94984
37 50 13129 2 1403.08 94984
37 50 13130 3 2142.6 94984
37 50 13131 4 2918.64 94984
37 50 13132 5 3675.12 94984
37 50 13133 6 4394.72 94984
37 50 13134 7 5134.88 94984
37 50 13135 8 5917.37 94984
37 50 13136 9 6567.79 94984
37 50 13137 10 7255.8 94984
37 50 13138 11 7947.78 94984
37 50 13139 12 8710.98 94984
37 50 13140 13 9444.11 94984
37 50 13141 14 10146.8 94984
37 50 13142 15 10857 94984
37 50 13143 16 11566.2 94984
37 50 13144 17 12172.6 94984
37 50 13145 18 12917.9 94984
37 50 13146 19 13580.4 94984
37 50 13147 20 14267.6 94984
37 50 13148 21 14910.1 94984
37 50 13149 22 15566.7 94984
37 50 13150 23 16168.4 94984
37 50 13151 24 16733.1 94984
37 50 13152 25 17395.9 94984
37 50 13153 26 17982.6 94984
37 50 13154 27 18577.1 94984
37 50 13155 28 19227.9 94984
37 50 13156 29 19842.8 94984
37 50 13157 30 20491.9 94984
37 50 13158 31 21100.3 94984
37 50 13159 32 21752.4 94984
37 50 13160 33 22358 94984
37 50 13161 34 22971.4 94984
37 50 13162 35 23549.5 94984
37 50 13163 36 24171 94984
37 50 13164 37 24744.1 94984
37 50 13165 38 25428 94984
37 50 13166 39 25993.1 94984
37 50 13167 40 26540.7 94984
37 50 13168 41 27061.9 94984
37 50 13169 42 27604.9 94984
37 50 13170 43 28066 94984
37 50 13171 44 28567.2 94984
37 50 13172 45 29011.4 94984
37 50 13173 46 29476.1 94984
37 50 13174 47 29961.1 94984
37 50 13175 48 30558.5 94984
37 50 13176 49 30990.4 94984
37 50 13177 50 31485.2 94984
37 50 13178 51 32020 94984
37 50 13179 52 32500.2 94984
37 50 13180 53 33135.7 94984
37 50 13181 54 33619.2 94984
37 50 13182 55 34114.2 94984
37 50 13183 56 34646.6 94984
37 50 13184 57 34960.9 94984
37 50 13185 58 35485.8 94984
37 50 13186 59 35913.8 94984
37 50 13187 60 36318.4 94984
37 50 13188 61 36798.5 94984
37 50 13189 62 37290.4 94984
37 50 13190 63 37753.1 94984
37 50 13191 64 38214.1 94984
37 50 13192 65 38602.2 94984
37 50 13193 66 39103.8 94984
37 50 13194 67 39571.4 94984
37 50 13195 68 40008.4 94984
37 50 13196 69 40484.8 94984
37 50 13197 70 40909.5 94984
37 50 13198 71 41333.9 94984
37 50 13199 72 41655.4 94984
37 50 13200 73 42078.9 94984
37 50 13201 74 42463.2 94984
37 50 13202 75 42901.5 94984
37 50 13203 76 43284.8 94984
37 50 13204 77 43707.8 94984
37 50 13205 78 44218.9 94984
37 50 13206 79 44609.7 94984
37 50 13207 80 44995.1 94984
37 50 13208 81 45385.6 94984
37 50 13209 82 45775.4 94984
37 50 13210 83 46205.1 94984
37 50 13211 84 46580.2 94984
37 50 13212 85 46966.4 94984
37 50 13213 86 47346.4 94984
37 50 13214 87 47738.1 94984
37 50 13215 88 48103.3 94984
37 50 13216 89 48492.7 94984
37 50 13217 90 48841.9 94984
37 50 13218 91 49219.6 94984
37 50 13219 92 49583.5 94984
37 50 13220 93 49919.7 94984
37 50 13221 94 50253.7 94984
37 50 13222 95 50627.1 94984
37 50 13223 96 50978.5 94984
37 50 13224 97 51244 94984
37 50 13225 98 51616.9 94984
37 50 13226 99 51964.7 94984
37 50 13227 100 52351.9 94984
37 50 13228 101 52699.3 94984
37 50 13229 102 53122.3 94984
37 50 13230 103 53433.5 94984
37 50 13231 104 53676.4 94984
37 50 13232 105 53999.5 94984
37 50 13233 106 54319.8 94984
37 50 13234 107 54604.5 94984
37 50 13235 108 54857.2 94984
37 50 13236 109 55152.5 94984
37 50 13237 110 55405.9 94984
37 50 13238 111 55692.4 94984
37 50 13239 112 55968.3 94984
37 50 13240 113 56353.8 94984
37 50 13241 114 56637.9 94984
37 50 13242 115 56942.2 94984
37 50 13243 116 57214.4 94984
37 50 13244 117 57598.8 94984
37 50 13245 118 57897.1 94984
37 50 13246 119 58160.9 94984
37 50 13247 120 58522.3 94984
37 50 13248 121 58950.9 94984
37 50 13249 122 59367.4 94984
37 50 13250 123 59698 94984
37 50 13251 124 60000.4 94984
37 50 13252 125 60277.3 94984
37 50 13253 126 60588 94984
37 50 13254 127 60860.5 94984
37 50 13255 128 61117.9 94984
37 50 13256 129 61383.4 94984
37 50 13257 130 61649.6 94984
37 50 13258 131 61888.9 94984
37 50 13259 132 62124.8 94984
37 50 13260 133 62376.2 94984
37 50 13261 134 62618.9 94984
37 50 13262 135 62826.8 94984
37 50 13263 136 63086 94984
37 50 13264 137 63325.4 94984
37 50 13265 138 63576.5 94984
37 50 13266 139 63869.3 94984
37 50 13267 140 64089.7 94984
37 50 13268 141 64299.6 94984
37 50 13269 142 64574.9 94984
37 50 13270 143 64843.5 94984
37 50 13271 144 65064.3 94984
37 50 13272 145 65346.9 94984
37 50 13273 146 65512.6 94984
37 50 13274 147 65770.9 94984
37 50 13275 148 65980.7 94984
37 50 13276 149 66238.8 94984
37 50 13277 150 66462.8 94984
37 50 13278 151 66680.4 94984
37 50 13279 152 66948.9 94984
37 50 13280 153 67252.3 94984
37 50 13281 154 67538.9 94984
37 50 13282 155 67782.3 94984
37 50 13283 156 68051.1 94984
37 50 13284 157 68315 94984
37 50 13285 158 68563.5 94984
37 50 13286 159 68792.6 94984
37 50 13287 160 69060.9 94984
37 50 13288 161 69257.5 94984
37 50 13289 162 69573.1 94984
37 50 13290 163 69894.1 94984
37 50 13291 164 70035.8 94984
37 50 13292 165 70220.2 94984
37 50 13293 166 70451.7 94984
37 50 13294 167 70628.7 94984
37 50 13295 168 70857.2 94984
37 50 13296 169 71122.2 94984
37 50 13297 170 71316 94984
37 50 13298 171 71602.3 94984
37 50 13299 172 71856.8 94984
37 50 13300 173 72026.2 94984
37 50 13301 174 72237.5 94984
37 50 13302 175 72470.4 94984
37 50 13303 176 72605.1 94984
37 50 13304 177 72775.4 94984
37 50 13305 178 72932.9 94984
37 50 13306 179 73150.3 94984
37 50 13307 180 73325 94984
37 50 13308 181 73521.2 94984
37 50 13309 182 73716 94984
37 50 13310 183 73850.4 94984
37 50 13311 184 74022.6 94984
37 50 13312 185 74176.9 94984
37 50 13313 186 74368.7 94984
37 50 13314 187 74562.3 94984
37 50 13315 188 74757.6 94984
37 50 13316 189 74873 94984
37 50 13317 190 75000.8 94984
37 50 13318 191 75162.6 94984
37 50 13319 192 75215.4 94984
37 50 13320 193 75353.3 94984
37 50 13321 194 75564.6 94984
37 50 13322 195 75723.2 94984
37 50 13323 196 75879.9 94984
37 50 13324 197 76039.3 94984
37 50 13325 198 76267 94984
37 50 13326 199 76460.5 94984
37 50 13327 200 76674.8 94984
37 50 13328 201 76787.3 94984
37 50 13329 202 76941.8 94984
37 50 13330 203 77073.3 94984
37 50 13331 204 77280 94984
37 50 13332 205 77398.3 94984
37 50 13333 206 77546.6 94984
37 50 13334 207 77674.9 94984
37 50 13335 208 77802.7 94984
37 50 13336 209 77882.7 94984
37 50 13337 210 78043.9 94984
37 50 13338 211 78190.1 94984
37 50 13339 212 78211.3 94984
37 50 13340 213 78300.8 94984
37 50 13341 214 78315 94984
37 50 13342 215 78433.4 94984
37 50 13343 216 78524.7 94984
37 50 13344 217 78688.9 94984
37 50 13345 218 78884.2 94984
37 50 13346 219 78972.9 94984
37 50 13347 220 79120.6 94984
37 50 13348 221 79302.8 94984
37 50 13349 222 79386 94984
37 50 13350 223 79581.4 94984
37 50 13351 224 79707.8 94984
37 50 13352 225 79820 94984
37 50 13353 226 79949 94984
37 50 13354 227 80087 94984
37 50 13355 228 80292.6 94984
37 50 13356 229 80411.3 94984
37 50 13357 230 80527.5 94984
37 50 13358 231 80654.9 94984
37 50 13359 232 80703.6 94984
37 50 13360 233 80739.1 94984
37 50 13361 234 80847.1 94984
37 50 13362 235 80895.9 94984
37 50 13363 236 81037.7 94984
37 50 13364 237 81174.9 94984
37 50 13365 238 81335 94984
37 50 13366 239 81474 94984
37 50 13367 240 81629 94984
37 50 13368 241 81692.2 94984
37 50 13369 242 81838.7 94984
37 50 13370 243 81967.9 94984
37 50 13371 244 82102.5 94984
37 50 13372 245 82207.1 94984
37 50 13373 246 82361.1 94984
37 50 13374 247 82480.5 94984
37 50 13375 248 82554.5 94984
37 50 13376 249 82731.4 94984
37 50 13377 250 82896.2 94984
37 50 13378 251 82970.2 94984
37 50 13379 252 83077.5 94984
37 50 13380 253 83213.9 94984
37 50 13381 254 83348.2 94984
37 50 13382 255 83392.6 94984
37 50 13383 256 83443.1 94984
37 50 13384 257 83537.6 94984
37 50 13385 258 83542.6 94984
37 50 13386 259 83696.3 94984
37 50 13387 260 83778 94984
37 50 13388 261 83875.4 94984
37 50 13389 262 83950.5 94984
37 50 13390 263 84090.7 94984
37 50 13391 264 84229.1 94984
37 50 13392 265 84246.6 94984
37 50 13393 266 84342.1 94984
37 50 13394 267 84422.6 94984
37 50 13395 268 84530.5 94984
37 50 13396 269 84612.5 94984
37 50 13397 270 84792.8 94984
37 50 13398 271 84835.6 94984
37 50 13399 272 84906.3 94984
37 50 13400 273 85006.2 94984
37 50 13401 274 85115 94984
37 50 13402 275 85186.7 94984
37 50 13403 276 85261.8 94984
37 50 13404 277 85398.2 94984
37 50 13405 278 85508.8 94984
37 50 13406 279 85527.1 94984
37 50 13407 280 85558.5 94984
37 50 13408 281 85741.9 94984
37 50 13409 282 85860.1 94984
37 50 13410 283 85921.4 94984
37 50 13411 284 85974.3 94984
37 50 13412 285 86036.6 94984
37 50 13413 286 86167.7 94984
37 50 13414 287 86233.1 94984
37 50 13415 288 86305.7 94984
37 50 13416 289 86413.8 94984
37 50 13417 290 86477.5 94984
37 50 13418 291 86562.3 94984
37 50 13419 292 86639.3 94984
37 50 13420 293 86710.7 94984
37 50 13421 294 86856.9 94984
37 50 13422 295 86943 94984
37 50 13423 296 87055 94984
37 50 13424 297 87084.9 94984
37 50 13425 298 87147.7 94984
37 50 13426 299 87183.7 94984
37 50 13427 300 87252.1 94984
37 50 13428 301 87308.2 94984
37 50 13429 302 87437.9 94984
37 50 13430 303 87481.6 94984
37 50 13431 304 87471 94984
37 50 13432 305 87546 94984
37 50 13433 306 87559.5 94984
37 50 13434 307 87601.2 94984
37 50 13435 308 87619.1 94984
37 50 13436 309 87744.8 94984
37 50 13437 310 87689.1 94984
37 50 13438 311 87756.5 94984
37 50 13439 312 87797.2 94984
37 50 13440 313 87904.6 94984
37 50 13441 314 87881.9 94984
37 50 13442 315 88004 94984
37 50 13443 316 88002.7 94984
37 50 13444 317 88031.9 94984
37 50 13445 318 88037.2 94984
37 50 13446 319 88040.9 94984
37 50 13447 320 88062.3 94984
37 50 13448 321 88179.9 94984
37 50 13449 322 88249.6 94984
37 50 13450 323 88279.8 94984
37 50 13451 324 88359.1 94984
37 50 13452 325 88380.2 94984
37 50 13453 326 88429.9 94984
37 50 13454 327 88448.1 94984
37 50 13455 328 88495.1 94984
37 50 13456 329 88501.3 94984
37 50 13457 330 88548.4 94984
37 50 13458 331 88553.5 94984
37 50 13459 332 88562.8 94984
37 50 13460 333 88627.5 94984
37 50 13461 334 88789.4 94984
37 50 13462 335 88886.3 94984
37 50 13463 336 89005.4 94984
37 50 13464 337 89040 94984
37 50 13465 338 89120.6 94984
37 50 13466 339 89231.6 94984
37 50 13467 340 89207.7 94984
37 50 13468 341 89228.2 94984
37 50 13469 342 89237.1 94984
37 50 13470 343 89206.7 94984
37 50 13471 344 89234.4 94984
37 50 13472 345 89261.2 94984
37 50 13473 346 89285.5 94984
37 50 13474 347 89295.2 94984
37 50 13475 348 89429.7 94984
37 50 13476 349 89467.1 94984
37 50 13477 350 89533.6 94984
37 50 13478 351 89609.9 94984
37 50 13479 352 89625.4 94984
37 50 13480 353 89620 94984
37 50 13481 354 89780.7 94984
37 50 13482 355 89812.5 94984
37 50 13483 356 89890 94984
37 50 13484 357 89835.6 94984
37 50 13485 358 89918.4 94984
37 50 13486 359 89969.3 94984
37 50 13487 360 89942.1 94984
37 50 13488 361 90047.6 94984
37 50 13489 362 89980.4 94984
37 50 13490 363 90028.2 94984
37 50 13491 364 90029.3 94984
37 50 13492 365 90103.7 94984
37 50 13493 366 90134.4 94984
37 50 13494 367 90224.7 94984
37 50 13495 368 90263.7 94984
37 50 13496 369 90288.4 94984
37 50 13497 370 90239.5 94984
37 50 13498 371 90326.1 94984
37 50 13499 372 90333.4 94984
37 50 13500 373 90315.2 94984
37 50 13501 374 90358.2 94984
37 50 13502 375 90368.3 94984
37 50 13503 376 90394.2 94984
37 50 13504 377 90337.9 94984
37 50 13505 378 90432.7 94984
37 50 13506 379 90512.8 94984
37 50 13507 380 90475.4 94984
37 50 13508 381 90556.7 94984
37 50 13509 382 90562.7 94984
37 50 13510 383 90589.4 94984
37 50 13511 384 90658.1 94984
37 50 13512 385 90727.7 94984
37 50 13513 386 90748.4 94984
37 50 13514 387 90887.9 94984
37 50 13515 388 90996.6 94984
37 50 13516 389 91101.3 94984
37 50 13517 390 91152.6 94984
37 50 13518 391 91233.8 94984
37 50 13519 392 91313.1 94984
37 50 13520 393 91265.3 94984
37 50 13521 394 91290.1 94984
37 50 13522 395 91328.4 94984
37 50 13523 396 91423.6 94984
37 50 13524 397 91415.9 94984
37 50 13525 398 91428.4 94984
37 50 13526 399 91390 94984
37 50 13527 400 91297.1 94984
37 50 13528 401 91276.3 94984
37 50 13529 402 91364.2 94984
37 50 13530 403 91353.6 94984
37 50 13531 404 91393.2 94984
37 50 13532 405 91403.4 94984
37 50 13533 406 91454.3 94984
37 50 13534 407 91470.3 94984
37 50 13535 408 91531.8 94984
37 50 13536 409 91589.6 94984
37 50 13537 410 91565.1 94984
37 50 13538 411 91632.2 94984
37 50 13539 412 91706.8 94984
37 50 13540 413 91730.6 94984
37 50 13541 414 91784 94984
37 50 13542 415 91860.3 94984
37 50 13543 416 91884.9 94984
37 50 13544 417 91903.3 94984
37 50 13545 418 91949.5 94984
37 50 13546 419 91977.2 94984
37 50 13547 420 92018.4 94984
37 50 13548 421 91995.7 94984
37 50 13549 422 92005.5 94984
37 50 13550 423 92042.7 94984
37 50 13551 424 91989.4 94984
37 50 13552 425 92049.6 94984
37 50 13553 426 92104.5 94984
37 50 13554 427 92237.7 94984
37 50 13555 428 92288.7 94984
37 50 13556 429 92350.4 94984
37 50 13557 430 92401 94984
37 50 13558 431 92386.6 94984
37 50 13559 432 92413.4 94984
37 50 13560 433 92387 94984
37 50 13561 434 92358.5 94984
37 50 13562 435 92324.3 94984
37 50 13563 436 92345.4 94984
37 50 13564 437 92267.5 94984
37 50 13565 438 92271.4 94984
37 50 13566 439 92278.6 94984
37 50 13567 440 92271.6 94984
37 50 13568 441 92252.1 94984
37 50 13569 442 92332.4 94984
37 50 13570 443 92320.1 94984
37 50 13571 444 92396.2 94984
37 50 13572 445 92400.6 94984
37 50 13573 446 92484.2 94984
37 50 13574 447 92494.4 94984
37 50 13575 448 92520.7 94984
37 50 13576 449 92557.3 94984
37 50 13577 450 92407.7 94984
37 50 13578 451 92430.9 94984
37 50 13579 452 92451.7 94984
37 50 13580 453 92459.8 94984
37 50 13581 454 92418.5 94984
37 50 13582 455 92439.8 94984
37 50 13583 456 92372.3 94984
37 50 13584 457 92301.9 94984
37 50 13585 458 92408.6 94984
37 50 13586 459 92380.7 94984
37 50 13587 460 92454.1 94984
37 50 13588 461 92432.8 94984
37 50 13589 462 92402.2 94984
37 50 13590 463 92425.1 94984
37 50 13591 464 92473.4 94984
37 50 13592 465 92572 94984
37 50 13593 466 92574.7 94984
37 50 13594 467 92575.6 94984
37 50 13595 468 92568.9 94984
37 50 13596 469 92616.4 94984
37 50 13597 470 92646.1 94984
37 50 13598 471 92717.7 94984
37 50 13599 472 92737.7 94984
37 50 13600 473 92758 94984
37 50 13601 474 92753.6 94984
37 50 13602 475 92825.6 94984
37 50 13603 476 92854.3 94984
37 50 13604 477 92886.6 94984
37 50 13605 478 92864.4 94984
37 50 13606 479 92974.4 94984
37 50 13607 480 93097.7 94984
37 50 13608 481 93142.7 94984
37 50 13609 482 93165.9 94984
37 50 13610 483 93188 94984
37 50 13611 484 93158.3 94984
37 50 13612 485 93057.9 94984
37 50 13613 486 93135.9 94984
37 50 13614 487 93162.5 94984
37 50 13615 488 93168.6 94984
37 50 13616 489 93191.7 94984
37 50 13617 490 93149.7 94984
37 50 13618 491 93174.5 94984
37 50 13619 492 93244.6 94984
37 50 13620 493 93181.5 94984
37 50 13621 494 93203.2 94984
37 50 13622 495 93224.7 94984
37 50 13623 496 93256.2 94984
37 50 13624 497 93263.8 94984
37 50 13625 498 93295.2 94984
37 50 13626 499 93418.2 94984
37 50 13627 500 93394.1 94984
37 50 13628 501 93433.4 94984
37 50 13629 502 93451.4 94984
37 50 13630 503 93384.9 94984
37 50 13631 504 93356.5 94984
37 50 13632 505 93280 94984
37 50 13633 506 93273.8 94984
37 50 13634 507 93296.3 94984
37 50 13635 508 93341.9 94984
37 50 13636 509 93372.2 94984
37 50 13637 510 93366.8 94984
37 50 13638 511 93329.5 94984
37 50 13639 512 93323.1 94984
37 50 13640 513 93282.5 94984
37 50 13641 514 93232.9 94984
37 50 13642 515 93228.3 94984
37 50 13643 516 93237.6 94984
37 50 13644 517 93240.6 94984
37 50 13645 518 93220.9 94984
37 50 13646 519 93155.1 94984
37 50 13647 520 93095.9 94984
37 50 13648 521 93007.2 94984
37 50 13649 522 93068.9 94984
37 50 13650 523 93027.4 94984
37 50 13651 524 93121.2 94984
37 50 13652 525 93111.8 94984
37 50 13653 526 93128.6 94984
37 50 13654 527 93166.5 94984
37 50 13655 528 93150.9 94984
37 50 13656 529 93105.3 94984
37 50 13657 530 93152.7 94984
37 50 13658 531 93147.5 94984
37 50 13659 532 93106.1 94984
37 50 13660 533 93172 94984
37 50 13661 534 93161.2 94984
37 50 13662 535 93147.8 94984
37 50 13663 536 93154.4 94984
37 50 13664 537 93140.5 94984
37 50 13665 538 93062.8 94984
37 50 13666 539 93104.4 94984
37 50 13667 540 93121.5 94984
37 50 13668 541 93081.9 94984
37 50 13669 542 93144.3 94984
37 50 13670 543 93165.4 94984
37 50 13671 544 93177.5 94984
37 50 13672 545 93291.6 94984
37 50 13673 546 93383.5 94984
37 50 13674 547 93357.8 94984
37 50 13675 548 93339.6 94984
37 50 13676 549 93357.9 94984
37 50 13677 550 93387 94984
37 50 13678 551 93329.9 94984
37 50 13679 552 93426.4 94984
37 50 13680 553 93519.7 94984
37 50 13681 554 93618.4 94984
37 50 13682 555 93646.8 94984
37 50 13683 556 93625.3 94984
37 50 13684 557 93593.2 94984
37 50 13685 558 93635.6 94984
37 50 13686 559 93556.7 94984
37 50 13687 560 93538 94984
37 50 13688 561 93523.9 94984
37 50 13689 562 93598.1 94984
37 50 13690 563 93668.8 94984
37 50 13691 564 93626.4 94984
37 50 13692 565 93636.1 94984
37 50 13693 566 93655 94984
37 50 13694 567 93660.6 94984
37 50 13695 568 93725.1 94984
37 50 13696 569 93692 94984
37 50 13697 570 93727.2 94984
37 50 13698 571 93700.2 94984
37 50 13699 572 93708.8 94984
37 50 13700 573 93666.6 94984
37 50 13701 574 93707.6 94984
37 50 13702 575 93677.2 94984
37 50 13703 576 93700.6 94984
37 50 13704 577 93662.8 94984
37 50 13705 578 93695.9 94984
37 50 13706 579 93745.9 94984
37 50 13707 580 93673.5 94984
37 50 13708 581 93614.4 94984
37 50 13709 582 93637 94984
37 50 13710 583 93635.1 94984
37 50 13711 584 93653.2 94984
37 50 13712 585 93608.1 94984
37 50 13713 586 93662 94984
37 50 13714 587 93709.5 94984
37 50 13715 588 93660.9 94984
37 50 13716 589 93714.3 94984
37 50 13717 590 93675.8 94984
37 50 13718 591 93663.4 94984
37 50 13719 592 93720.7 94984
37 50 13720 593 93757 94984
37 50 13721 594 93634.4 94984
37 50 13722 595 93587.2 94984
37 50 13723 596 93604.1 94984
37 50 13724 597 93605.8 94984
37 50 13725 598 93604.5 94984
37 50 13726 599 93718.9 94984
37 50 13727 600 93726.4 94984
37 50 13728 601 93743.5 94984
37 50 13729 602 93758.5 94984
37 50 13730 603 93725.8 94984
37 50 13731 604 93748.4 94984
37 50 13732 605 93682.6 94984
37 50 13733 606 93603.6 94984
37 50 13734 607 93606.1 94984
37 50 13735 608 93644.1 94984
37 50 13736 609 93765.6 94984
37 50 13737 610 93770.9 94984
37 50 13738 611 93766 94984
37 50 13739 612 93807.8 94984
37 50 13740 613 93850.4 94984
37 50 13741 614 93855.1 94984
37 50 13742 615 93886.1 94984
37 50 13743 616 93964.4 94984
37 50 13744 617 93972.6 94984
37 50 13745 618 93897.1 94984
37 50 13746 619 93989.1 94984
37 50 13747 620 94014.9 94984
37 50 13748 621 93997 94984
37 50 13749 622 94024.3 94984
37 50 13750 623 93988.1 94984
37 50 13751 624 94010.2 94984
37 50 13752 625 93993.6 94984
37 50 13753 626 93983.4 94984
37 50 13754 627 93983.8 94984
37 50 13755 628 94029.8 94984
37 50 13756 629 93966.9 94984
37 50 13757 630 94007.2 94984
37 50 13758 631 94007.1 94984
37 50 13759 632 94033.8 94984
37 50 13760 633 93971 94984
37 50 13761 634 93991.8 94984
37 50 13762 635 94048.2 94984
37 50 13763 636 94129.9 94984
37 50 13764 637 94165.3 94984
37 50 13765 638 94206.2 94984
37 50 13766 639 94238.6 94984
37 50 13767 640 94248.9 94984
37 50 13768 641 94231.3 94984
37 50 13769 642 94284 94984
37 50 13770 643 94253.1 94984
37 50 13771 644 94273.9 94984
37 50 13772 645 94216.5 94984
37 50 13773 646 94242.1 94984
37 50 13774 647 94239 94984
37 50 13775 648 94316.4 94984
37 50 13776 649 94292.6 94984
37 50 13777 650 94385.3 94984
37 50 13778 651 94425.9 94984
37 50 13779 652 94433.5 94984
37 50 13780 653 94342.4 94984
37 50 13781 654 94357 94984
37 50 13782 655 94451.2 94984
37 50 13783 656 94386.5 94984
37 50 13784 657 94345.4 94984
37 50 13785 658 94287.7 94984
37 50 13786 659 94247.2 94984
37 50 13787 660 94289.5 94984
37 50 13788 661 94280.8 94984
37 50 13789 662 94380 94984
37 50 13790 663 94397.5 94984
37 50 13791 664 94445.6 94984
37 50 13792 665 94466.6 94984
37 50 13793 666 94486.2 94984
37 50 13794 667 94488.5 94984
37 50 13795 668 94451.8 94984
37 50 13796 669 94430.8 94984
37 50 13797 670 94358.5 94984
37 50 13798 671 94420.2 94984
37 50 13799 672 94369.5 94984
37 50 13800 673 94286.1 94984
37 50 13801 674 94292.4 94984
37 50 13802 675 94304.2 94984
37 50 13803 676 94348.3 94984
37 50 13804 677 94401.5 94984
37 50 13805 678 94381.3 94984
37 50 13806 679 94414.8 94984
37 50 13807 680 94424.6 94984
37 50 13808 681 94488.4 94984
37 50 13809 682 94473.8 94984
37 50 13810 683 94501.5 94984
37 50 13811 684 94429.3 94984
37 50 13812 685 94464.5 94984
37 50 13813 686 94473.6 94984
37 50 13814 687 94488.9 94984
37 50 13815 688 94450.8 94984
37 50 13816 689 94445.4 94984
37 50 13817 690 94493.4 94984
37 50 13818 691 94467.4 94984
37 50 13819 692 94635.1 94984
37 50 13820 693 94607.1 94984
37 50 13821 694 94577.4 94984
37 50 13822 695 94644.2 94984
37 50 13823 696 94591.6 94984
37 50 13824 697 94592.7 94984
37 50 13825 698 94585.3 94984
37 50 13826 699 94521 94984
37 50 13827 700 94426.8 94984
37 50 13828 701 94495.1 94984
37 50 13829 702 94492.5 94984
37 50 13830 703 94527.7 94984
37 50 13831 704 94499.5 94984
37 50 13832 705 94493.4 94984
37 50 13833 706 94513.4 94984
37 50 13834 707 94399.6 94984
37 50 13835 708 94383 94984
37 50 13836 709 94406.6 94984
37 50 13837 710 94441.4 94984
37 50 13838 711 94413 94984
37 50 13839 712 94340.9 94984
37 50 13840 713 94360.2 94984
37 50 13841 714 94362.3 94984
37 50 13842 715 94327.4 94984
37 50 13843 716 94340.7 94984
37 50 13844 717 94328.9 94984
37 50 13845 718 94364.4 94984
37 50 13846 719 94309.3 94984
37 50 13847 720 94245.2 94984
37 50 13848 721 94222.9 94984
37 50 13849 722 94131.4 94984
37 50 13850 723 94057.9 94984
37 50 13851 724 94094.1 94984
37 50 13852 725 94187.9 94984
37 50 13853 726 94118.8 94984
37 50 13854 727 94133.5 94984
37 50 13855 728 94055.9 94984
37 50 13856 729 94071.9 94984
37 50 13857 730 94083.1 94984
37 50 13858 731 94160.2 94984
37 50 13859 732 94120.9 94984
37 50 13860 733 94119.6 94984
37 50 13861 734 94071.2 94984
37 50 13862 735 94131.3 94984
37 50 13863 736 94148 94984
37 50 13864 737 94088.8 94984
37 50 13865 738 94107 94984
37 50 13866 739 94160.4 94984
37 50 13867 740 94207.5 94984
37 50 13868 741 94160.4 94984
37 50 13869 742 94182.2 94984
37 50 13870 743 94212.2 94984
37 50 13871 744 94232.4 94984
37 50 13872 745 94350.3 94984
37 50 13873 746 94307.3 94984
37 50 13874 747 94282.8 94984
37 50 13875 748 94371.9 94984
37 50 13876 749 94356.3 94984
37 50 13877 750 94359.3 94984
37 50 13878 751 94307.7 94984
37 50 13879 752 94321.5 94984
37 50 13880 753 94432.1 94984
37 50 13881 754 94402.1 94984
37 50 13882 755 94535.1 94984
37 50 13883 756 94437 94984
37 50 13884 757 94435.7 94984
37 50 13885 758 94534.3 94984
37 50 13886 759 94616.3 94984
37 50 13887 760 94600 94984
37 50 13888 761 94635.9 94984
37 50 13889 762 94665.7 94984
37 50 13890 763 94713.9 94984
37 50 13891 764 94699.3 94984
37 50 13892 765 94760.1 94984
37 50 13893 766 94838.2 94984
37 50 13894 767 94780.2 94984
37 50 13895 768 94774.7 94984
37 50 13896 769 94755.5 94984
37 50 13897 770 94783 94984
37 50 13898 771 94839.3 94984
37 50 13899 772 94882.2 94984
37 50 13900 773 94918.5 94984
37 50 13901 774 94954.7 94984
37 50 13902 775 94950 94984
37 50 13903 776 95050.6 94984
37 50 13904 777 95105.8 94984
37 50 13905 778 95153 94984
37 50 13906 779 95076.9 94984
37 50 13907 780 95033.5 94984
37 50 13908 781 94970.1 94984
37 50 13909 782 94965.8 94984
37 50 13910 783 94943.9 94984
37 50 13911 784 94868.9 94984
37 50 13912 785 94831.7 94984
37 50 13913 786 94849.3 94984
37 50 13914 787 94901 94984
37 50 13915 788 94953.8 94984
37 50 13916 789 94948.8 94984
37 50 13917 790 94934.1 94984
37 50 13918 791 94924.5 94984
37 50 13919 792 94926.2 94984
37 50 13920 793 94964.4 94984
37 50 13921 794 94988.8 94984
37 50 13922 795 95024 94984
37 50 13923 796 95005.5 94984
37 50 13924 797 95004.9 94984
37 50 13925 798 95054.4 94984
37 50 13926 799 95014.2 94984
37 50 13927 800 95044.8 94984
37 50 13928 801 95064.4 94984
37 50 13929 802 95072.1 94984
37 50 13930 803 95061.9 94984
37 50 13931 804 94985.7 94984
37 50 13932 805 95004.5 94984
37 50 13933 806 94991.9 94984
37 50 13934 807 95050.5 94984
37 50 13935 808 95077.9 94984
37 50 13936 809 95079.5 94984
37 50 13937 810 95126.8 94984
37 50 13938 811 95104.4 94984
37 50 13939 812 95103.8 94984
37 50 13940 813 95080 94984
37 50 13941 814 95110.5 94984
37 50 13942 815 95199.1 94984
37 50 13943 816 95262.8 94984
37 50 13944 817 95214 94984
37 50 13945 818 95175.8 94984
37 50 13946 819 95177.2 94984
37 50 13947 820 95179.4 94984
37 50 13948 821 95147.2 94984
37 50 13949 822 95189.1 94984
37 50 13950 823 95178.7 94984
37 50 13951 824 95121.9 94984
36 50 13952 825 95134 94984
36 50 13953 826 95148.2 94984
36 50 13954 827 95078.8 94984
36 50 13955 828 95153.6 94984
36 50 13956 829 95123.2 94984
36 50 13957 830 95111.3 94984
36 50 13958 831 95148.5 94984
36 50 13959 832 95185 94984
36 50 13960 833 95090.7 94984
36 50 13961 834 95017.7 94984
36 50 13962 835 95069.9 94984
36 50 13963 836 95065.8 94984
36 50 13964 837 95098.7 94984
36 50 13965 838 95099.5 94984
36 50 13966 839 95035.9 94984
36 50 13967 840 95038.7 94984
36 50 13968 841 95047.3 94984
36 50 13969 842 94951.7 94984
36 50 13970 843 95038.4 94984
36 50 13971 844 95134.2 94984
36 50 13972 845 95109.2 94984
36 50 13973 846 95094 94984
36 50 13974 847 95077.9 94984
36 50 13975 848 95172.4 94984
36 50 13976 849 95183.6 94984
36 50 13977 850 95201.7 94984
36 50 13978 851 95126.1 94984
36 50 13979 852 95023 94984
36 50 13980 853 94957.3 94984
36 50 13981 854 94899.7 94984
36 50 13982 855 94953.3 94984
36 50 13983 856 95006.6 94984
36 50 13984 857 94919.8 94984
36 50 13985 858 94842.4 94984
36 50 13986 859 94944.1 94984
36 50 13987 860 95026.1 94984
36 50 13988 861 95025.4 94984
36 50 13989 862 94994.8 94984
36 50 13990 863 94989.3 94984
36 50 13991 864 94982.6 94984
36 50 13992 865 94985.3 94984
36 50 13993 866 94991.8 94984
36 50 13994 867 95036.7 94984
36 50 13995 868 95026.2 94984
36 50 13996 869 95024.2 94984
36 50 13997 870 95069.9 94984
36 50 13998 871 95089.8 94984
36 50 13999 872 95050.4 94984
36 50 14000 873 95071.1 94984
36 50 14001 874 95053 94984
36 50 14002 875 95003.3 94984
36 50 14003 876 95076.5 94984
36 50 14004 877 94933.4 94984
36 50 14005 878 94922.7 94984
36 50 14006 879 94952.4 94984
36 50 14007 880 94987.2 94984
36 50 14008 881 94970.2 94984
36 50 14009 882 94988.2 94984
36 50 14010 883 95028.3 94984
36 50 14011 884 95037.4 94984
36 50 14012 885 95016.5 94984
36 50 14013 886 95002.6 94984
36 50 14014 887 94930.2 94984
36 50 14015 888 94847.5 94984
36 50 14016 889 94869.9 94984
36 50 14017 890 94907.6 94984
36 50 14018 891 94979.6 94984
36 50 14019 892 95108.2 94984
36 50 14020 893 95011.2 94984
36 50 14021 894 95049.5 94984
36 50 14022 895 95143.2 94984
36 50 14023 896 95129.8 94984
36 50 14024 897 95081.1 94984
36 50 14025 898 95046.2 94984
36 50 14026 899 95001.1 94984
36 50 14027 900 94953.9 94984
36 50 14028 901 94870 94984
36 50 14029 902 94833.1 94984
36 50 14030 903 94834.9 94984
36 50 14031 904 94922.4 94984
36 50 14032 905 94979.1 94984
36 50 14033 906 94991.1 94984
36 50 14034 907 94989 94984
36 50 14035 908 94885.6 94984
36 50 14036 909 94842.9 94984
36 50 14037 910 94868.5 94984
36 50 14038 911 94899.4 94984
36 50 14039 912 94945.3 94984
36 50 14040 913 94928.1 94984
36 50 14041 914 94903.1 94984
36 50 14042 915 94921.1 94984
36 50 14043 916 94891.1 94984
36 50 14044 917 94955.9 94984
36 50 14045 918 95008.4 94984
36 50 14046 919 95071.8 94984
36 50 14047 920 95105.3 94984
36 50 14048 921 95130.6 94984
36 50 14049 922 95178.1 94984
36 50 14050 923 95149.6 94984
36 50 14051 924 95138.4 94984
36 50 14052 925 95005.5 94984
36 50 14053 926 95039.8 94984
36 50 14054 927 95090.4 94984
36 50 14055 928 95031.3 94984
36 50 14056 929 94995.5 94984
36 50 14057 930 94927.3 94984
36 50 14058 931 94903.1 94984
36 50 14059 932 94784.8 94984
36 50 14060 933 94766.4 94984
36 50 14061 934 94764.3 94984
36 50 14062 935 94707.1 94984
36 50 14063 936 94729 94984
36 50 14064 937 94708.6 94984
36 50 14065 938 94796.7 94984
36 50 14066 939 94749.9 94984
36 50 14067 940 94691.2 94984
36 50 14068 941 94736.3 94984
36 50 14069 942 94749.6 94984
36 50 14070 943 94749.2 94984
36 50 14071 944 94699 94984
36 50 14072 945 94666 94984
36 50 14073 946 94597 94984
36 50 14074 947 94529.1 94984
36 50 14075 948 94525.1 94984
36 50 14076 949 94519.7 94984
36 50 14077 950 94498.4 94984
36 50 14078 951 94555 94984
36 50 14079 952 94594.7 94984
36 50 14080 953 94647 94984
36 50 14081 954 94600.9 94984
36 50 14082 955 94591.9 94984
36 50 14083 956 94584.1 94984
36 50 14084 957 94532.9 94984
36 50 14085 958 94455.1 94984
36 50 14086 959 94483.7 94984
36 50 14087 960 94466.7 94984
36 50 14088 961 94459.7 94984
36 50 14089 962 94484 94984
36 50 14090 963 94540.2 94984
36 50 14091 964 94583 94984
36 50 14092 965 94601.1 94984
36 50 14093 966 94604.5 94984
36 50 14094 967 94643.4 94984
36 50 14095 968 94619.5 94984
36 50 14096 969 94664.6 94984
36 50 14097 970 94537.5 94984
36 50 14098 971 94585.4 94984
36 50 14099 972 94514.1 94984
36 50 14100 973 94473.8 94984
36 50 14101 974 94452.2 94984
36 50 14102 975 94477.4 94984
36 50 14103 976 94421 94984
36 50 14104 977 94365.2 94984
36 50 14105 978 94476.8 94984
36 50 14106 979 94482.8 94984
36 50 14107 980 94517.5 94984
36 50 14108 981 94450.5 94984
36 50 14109 982 94535.9 94984
36 50 14110 983 94586.5 94984
36 50 14111 984 94532.8 94984
36 50 14112 985 94451.2 94984
36 50 14113 986 94381.1 94984
36 50 14114 987 94366.2 94984
36 50 14115 988 94378.3 94984
36 50 14116 989 94423.3 94984
36 50 14117 990 94469.2 94984
36 50 14118 991 94454.4 94984
36 50 14119 992 94488.8 94984
36 50 14120 993 94486.2 94984
36 50 14121 994 94480.1 94984
36 50 14122 995 94442 94984
36 50 14123 996 94493 94984
36 50 14124 997 94482.1 94984
36 50 14125 998 94513.3 94984
36 50 14126 999 94506.9 94984
36 50 14127 1000 94552.2 94984
36 50 14128 1001 94497.2 94984
36 50 14129 1002 94492.5 94984
36 50 14130 1003 94531.9 94984
36 50 14131 1004 94567.7 94984
36 50 14132 1005 94573.9 94984
36 50 14133 1006 94677.3 94984
36 50 14134 1007 94644.3 94984
36 50 14135 1008 94708.4 94984
36 50 14136 1009 94716.2 94984
36 50 14137 1010 94775.7 94984
36 50 14138 1011 94780.8 94984
36 50 14139 1012 94803.5 94984
36 50 14140 1013 94848.5 94984
36 50 14141 1014 94899.5 94984
36 50 14142 1015 94915.6 94984
36 50 14143 1016 94959.3 94984
36 50 14144 1017 94925.8 94984
36 50 14145 1018 94904.4 94984
36 50 14146 1019 94806.4 94984
36 50 14147 1020 94815.5 94984
36 50 14148 1021 94808 94984
36 50 14149 1022 94766.8 94984
36 50 14150 1023 94746.5 94984
36 50 14151 1024 94805.8 94984
36 50 14152 1025 94841.5 94984
36 50 14153 1026 94956.5 94984
36 50 14154 1027 94985.7 94984
36 50 14155 1028 95021.3 94984
36 50 14156 1029 94995.4 94984
36 50 14157 1030 94901.9 94984
36 50 14158 1031 94945.5 94984
36 50 14159 1032 95002.3 94984
36 50 14160 1033 94972.6 94984
36 50 14161 1034 94955.5 94984
36 50 14162 1035 94952.5 94984
36 50 14163 1036 94914.3 94984
36 50 14164 1037 94916.8 94984
36 50 14165 1038 94842.5 94984
36 50 14166 1039 94764.2 94984
36 50 14167 1040 94796.5 94984
36 50 14168 1041 94790.4 94984
36 50 14169 1042 94757.3 94984
36 50 14170 1043 94759.2 94984
36 50 14171 1044 94751.7 94984
36 50 14172 1045 94750 94984
36 50 14173 1046 94730.6 94984
36 50 14174 1047 94677.9 94984
36 50 14175 1048 94666.2 94984
36 50 14176 1049 94714.7 94984
36 50 14177 1050 94784.7 94984
36 50 14178 1051 94673.9 94984
36 50 14179 1052 94696.5 94984
36 50 14180 1053 94756.6 94984
36 50 14181 1054 94734 94984
36 50 14182 1055 94822.8 94984
36 50 14183 1056 94833.5 94984
36 50 14184 1057 94923.4 94984
36 50 14185 1058 94888 94984
36 50 14186 1059 94907.4 94984
36 50 14187 1060 94993.4 94984
36 50 14188 1061 94951.5 94984
36 50 14189 1062 95015.6 94984
36 50 14190 1063 95034.7 94984
36 50 14191 1064 94971.2 94984
36 50 14192 1065 94977.4 94984
36 50 14193 1066 95045.3 94984
36 50 14194 1067 95105.4 94984
36 50 14195 1068 95057.1 94984
36 50 14196 1069 95063.7 94984
36 50 14197 1070 95071.5 94984
36 50 14198 1071 95109.8 94984
36 50 14199 1072 95081.2 94984
36 50 14200 1073 95093.2 94984
36 50 14201 1074 95032.8 94984
36 50 14202 1075 95119.2 94984
36 50 14203 1076 95022 94984
36 50 14204 1077 95046.6 94984
36 50 14205 1078 95092.2 94984
36 50 14206 1079 95166.4 94984
36 50 14207 1080 95245.1 94984
36 50 14208 1081 95288.1 94984
36 50 14209 1082 95359.7 94984
36 50 14210 1083 95333.8 94984
36 50 14211 1084 95276.2 94984
36 50 14212 1085 95272.6 94984
36 50 14213 1086 95224 94984
36 50 14214 1087 95209.2 94984
36 50 14215 1088 95146.6 94984
36 50 14216 1089 95213.9 94984
36 50 14217 1090 95343.5 94984
36 50 14218 1091 95359.9 94984
36 50 14219 1092 95394.7 94984
36 50 14220 1093 95439.7 94984
36 50 14221 1094 95440.8 94984
36 50 14222 1095 95443.3 94984
36 50 14223 1096 95385.2 94984
36 50 14224 1097 95348 94984
36 50 14225 1098 95328.9 94984
36 50 14226 1099 95239.9 94984
36 50 14227 1100 95218.4 94984
36 50 14228 1101 95229.6 94984
36 50 14229 1102 95171.5 94984
36 50 14230 1103 95103.2 94984
36 50 14231 1104 95108.3 94984
36 50 14232 1105 95208.1 94984
36 50 14233 1106 95201.9 94984
36 50 14234 1107 95135.4 94984
36 50 14235 1108 95211.1 94984
36 50 14236 1109 95252.5 94984
36 50 14237 1110 95255 94984
36 50 14238 1111 95285.9 94984
36 50 14239 1112 95268.3 94984
36 50 14240 1113 95169.5 94984
36 50 14241 1114 95197 94984
36 50 14242 1115 95250.3 94984
36 50 14243 1116 95243.6 94984
36 50 14244 1117 95324.1 94984
36 50 14245 1118 95339.7 94984
36 50 14246 1119 95354.6 94984
36 50 14247 1120 95391.4 94984
36 50 14248 1121 95365.1 94984
36 50 14249 1122 95476.6 94984
36 50 14250 1123 95436.4 94984
36 50 14251 1124 95461.4 94984
36 50 14252 1125 95371.8 94984
36 50 14253 1126 95419.9 94984
36 50 14254 1127 95410.9 94984
36 50 14255 1128 95428.6 94984
36 50 14256 1129 95384.6 94984
36 50 14257 1130 95349.3 94984
36 50 14258 1131 95382.7 94984
36 50 14259 1132 95318.8 94984
36 50 14260 1133 95273.5 94984
36 50 14261 1134 95270 94984
36 50 14262 1135 95264.1 94984
36 50 14263 1136 95240.6 94984
36 50 14264 1137 95347 94984
36 50 14265 1138 95348.3 94984
36 50 14266 1139 95332.9 94984
36 50 14267 1140 95385 94984
36 50 14268 1141 95395 94984
36 50 14269 1142 95323.9 94984
36 50 14270 1143 95382.4 94984
36 50 14271 1144 95389.3 94984
36 50 14272 1145 95363.9 94984
36 50 14273 1146 95389.4 94984
36 50 14274 1147 95373.7 94984
36 50 14275 1148 95438.6 94984
36 50 14276 1149 95450 94984
36 50 14277 1150 95504.3 94984
36 50 14278 1151 95585.6 94984
36 50 14279 1152 95649.1 94984
36 50 14280 1153 95617.9 94984
36 50 14281 1154 95541.3 94984
36 50 14282 1155 95554.8 94984
36 50 14283 1156 95521.4 94984
36 50 14284 1157 95507 94984
36 50 14285 1158 95574 94984
36 50 14286 1159 95624 94984
36 50 14287 1160 95711.4 94984
36 50 14288 1161 95760.4 94984
36 50 14289 1162 95771.5 94984
36 50 14290 1163 95722.5 94984
36 50 14291 1164 95768.3 94984
36 50 14292 1165 95781.9 94984
36 50 14293 1166 95838.3 94984
36 50 14294 1167 95804.5 94984
36 50 14295 1168 95752.6 94984
36 50 14296 1169 95774.8 94984
36 50 14297 1170 95753.6 94984
36 50 14298 1171 95786 94984
36 50 14299 1172 95718 94984
36 50 14300 1173 95789.3 94984
36 50 14301 1174 95734.6 94984
36 50 14302 1175 95721.9 94984
36 50 14303 1176 95649.7 94984
36 50 14304 1177 95654.2 94984
36 50 14305 1178 95713.1 94984
36 50 14306 1179 95715.2 94984
36 50 14307 1180 95716.5 94984
36 50 14308 1181 95722.6 94984
36 50 14309 1182 95703.8 94984
36 50 14310 1183 95667.7 94984
36 50 14311 1184 95687.4 94984
36 50 14312 1185 95659.2 94984
36 50 14313 1186 95617.1 94984
36 50 14314 1187 95700.7 94984
36 50 14315 1188 95729 94984
36 50 14316 1189 95691.1 94984
36 50 14317 1190 95637.1 94984
36 50 14318 1191 95609.9 94984
36 50 14319 1192 95572.8 94984
36 50 14320 1193 95548.7 94984
36 50 14321 1194 95446.4 94984
36 50 14322 1195 95292.9 94984
36 50 14323 1196 95279.7 94984
36 50 14324 1197 95272.5 94984
36 50 14325 1198 95247.6 94984
36 50 14326 1199 95151.3 94984
36 50 14327 1200 95126.3 94984
36 50 14328 1201 95085.6 94984
36 50 14329 1202 95209.5 94984
36 50 14330 1203 95223.2 94984
36 50 14331 1204 95266.3 94984
36 50 14332 1205 95298.9 94984
36 50 14333 1206 95368.2 94984
36 50 14334 1207 95446.3 94984
36 50 14335 1208 95452 94984
36 50 14336 1209 95410.9 94984
36 50 14337 1210 95426.5 94984
36 50 14338 1211 95442.2 94984
36 50 14339 1212 95456.2 94984
36 50 14340 1213 95559.4 94984
36 50 14341 1214 95455.7 94984
36 50 14342 1215 95406.9 94984
36 50 14343 1216 95397 94984
36 50 14344 1217 95451.2 94984
36 50 14345 1218 95468.1 94984
36 50 14346 1219 95416.6 94984
36 50 14347 1220 95355.5 94984
36 50 14348 1221 95384.4 94984
36 50 14349 1222 95359.1 94984
36 50 14350 1223 95360.1 94984
36 50 14351 1224 95394.8 94984
36 50 14352 1225 95413.4 94984
36 50 14353 1226 95360.5 94984
36 50 14354 1227 95334.2 94984
36 50 14355 1228 95312.4 94984
36 50 14356 1229 95389.2 94984
36 50 14357 1230 95434 94984
36 50 14358 1231 95500 94984
36 50 14359 1232 95550.4 94984
36 50 14360 1233 95586.7 94984
36 50 14361 1234 95526.6 94984
36 50 14362 1235 95447 94984
36 50 14363 1236 95387.8 94984
36 50 14364 1237 95372.7 94984
36 50 14365 1238 95327.5 94984
36 50 14366 1239 95328 94984
36 50 14367 1240 95376.7 94984
36 50 14368 1241 95395.7 94984
36 50 14369 1242 95374.3 94984
36 50 14370 1243 95365.9 94984
36 50 14371 1244 95394.1 94984
36 50 14372 1245 95403.2 94984
36 50 14373 1246 95329.4 94984
36 50 14374 1247 95356 94984
36 50 14375 1248 95375.5 94984
36 50 14376 1249 95405.3 94984
36 50 14377 1250 95407 94984
36 50 14378 1251 95428 94984
36 50 14379 1252 95442.6 94984
36 50 14380 1253 95442.7 94984
36 50 14381 1254 95525.7 94984
36 50 14382 1255 95486.8 94984
36 50 14383 1256 95490 94984
36 50 14384 1257 95496.1 94984
36 50 14385 1258 95532.9 94984
36 50 14386 1259 95615.3 94984
36 50 14387 1260 95590.4 94984
36 50 14388 1261 95661.3 94984
36 50 14389 1262 95628.2 94984
36 50 14390 1263 95581.8 94984
36 50 14391 1264 95521.9 94984
36 50 14392 1265 95558.9 94984
36 50 14393 1266 95548.6 94984
36 50 14394 1267 95532.6 94984
36 50 14395 1268 95594.6 94984
36 50 14396 1269 95564.6 94984
36 50 14397 1270 95531.1 94984
36 50 14398 1271 95575.2 94984
36 50 14399 1272 95510.7 94984
36 50 14400 1273 95562.9 94984
36 50 14401 1274 95507.2 94984
36 50 14402 1275 95512.3 94984
36 50 14403 1276 95507.3 94984
36 50 14404 1277 95447.9 94984
36 50 14405 1278 95429.4 94984
36 50 14406 1279 95519.9 94984
36 50 14407 1280 95569.3 94984
36 50 14408 1281 95557.3 94984
36 50 14409 1282 95492.7 94984
36 50 14410 1283 95550.3 94984
36 50 14411 1284 95625.9 94984
36 50 14412 1285 95576.4 94984
36 50 14413 1286 95566.2 94984
36 50 14414 1287 95602.2 94984
36 50 14415 1288 95565.1 94984
36 50 14416 1289 95533.5 94984
36 50 14417 1290 95493.7 94984
36 50 14418 1291 95568.7 94984
36 50 14419 1292 95575.7 94984
36 50 14420 1293 95555.5 94984
36 50 14421 1294 95460.6 94984
36 50 14422 1295 95519.8 94984
36 50 14423 1296 95490 94984
36 50 14424 1297 95449.6 94984
36 50 14425 1298 95469.6 94984
36 50 14426 1299 95434.9 94984
36 50 14427 1300 95448 94984
36 50 14428 1301 95467 94984
36 50 14429 1302 95433.4 94984
36 50 14430 1303 95530.5 94984
36 50 14431 1304 95443 94984
36 50 14432 1305 95543.4 94984
36 50 14433 1306 95527.7 94984
36 50 14434 1307 95444.6 94984
36 50 14435 1308 95496.7 94984
36 50 14436 1309 95528.1 94984
36 50 14437 1310 95596.3 94984
36 50 14438 1311 95548.7 94984
36 50 14439 1312 95527.3 94984
36 50 14440 1313 95542.8 94984
36 50 14441 1314 95545.5 94984
36 50 14442 1315 95583 94984
36 50 14443 1316 95527.8 94984
36 50 14444 1317 95474.3 94984
36 50 14445 1318 95461.1 94984
36 50 14446 1319 95482.8 94984
36 50 14447 1320 95528.1 94984
36 50 14448 1321 95595.5 94984
36 50 14449 1322 95603 94984
36 50 14450 1323 95561.1 94984
36 50 14451 1324 95510.5 94984
36 50 14452 1325 95546.9 94984
36 50 14453 1326 95420.6 94984
36 50 14454 1327 95344.2 94984
36 50 14455 1328 95294.2 94984
36 50 14456 1329 95249.9 94984
36 50 14457 1330 95227.9 94984
36 50 14458 1331 95197.5 94984
36 50 14459 1332 95267 94984
36 50 14460 1333 95298.6 94984
36 50 14461 1334 95350.8 94984
36 50 14462 1335 95404.3 94984
36 50 14463 1336 95310.6 94984
36 50 14464 1337 95397.5 94984
36 50 14465 1338 95358.7 94984
36 50 14466 1339 95360.6 94984
36 50 14467 1340 95309.6 94984
36 50 14468 1341 95193.4 94984
36 50 14469 1342 95211.5 94984
36 50 14470 1343 95197.8 94984
36 50 14471 1344 95125.1 94984
36 50 14472 1345 95148 94984
36 50 14473 1346 95083.5 94984
36 50 14474 1347 95152.1 94984
36 50 14475 1348 95176.3 94984
36 50 14476 1349 95186.1 94984
36 50 14477 1350 95162.5 94984
36 50 14478 1351 95163.3 94984
36 50 14479 1352 95129.7 94984
36 50 14480 1353 95128.7 94984
36 50 14481 1354 95171.7 94984
36 50 14482 1355 95174.2 94984
36 50 14483 1356 95177.6 94984
36 50 14484 1357 95134.3 94984
36 50 14485 1358 95119.2 94984
36 50 14486 1359 95152.2 94984
36 50 14487 1360 95093.5 94984
36 50 14488 1361 95086.6 94984
36 50 14489 1362 95186.2 94984
36 50 14490 1363 95246.2 94984
36 50 14491 1364 95167.2 94984
36 50 14492 1365 95116.5 94984
36 50 14493 1366 95166.8 94984
36 50 14494 1367 95190.4 94984
36 50 14495 1368 95122.6 94984
36 50 14496 1369 95207.5 94984
36 50 14497 1370 95212.7 94984
36 50 14498 1371 95258.9 94984
36 50 14499 1372 95294.4 94984
36 50 14500 1373 95252.5 94984
36 50 14501 1374 95301.1 94984
36 50 14502 1375 95319.6 94984
36 50 14503 1376 95411.5 94984
36 50 14504 1377 95387.7 94984
36 50 14505 1378 95401.2 94984
36 50 14506 1379 95293.4 94984
36 50 14507 1380 95326.5 94984
36 50 14508 1381 95397.8 94984
36 50 14509 1382 95381.4 94984
36 50 14510 1383 95384.4 94984
36 50 14511 1384 95520.8 94984
36 50 14512 1385 95518.3 94984
36 50 14513 1386 95554.8 94984
36 50 14514 1387 95551.6 94984
36 50 14515 1388 95449 94984
36 50 14516 1389 95426.6 94984
36 50 14517 1390 95382.4 94984
36 50 14518 1391 95393.9 94984
36 50 14519 1392 95390.3 94984
36 50 14520 1393 95317.7 94984
36 50 14521 1394 95358.9 94984
36 50 14522 1395 95421.8 94984
36 50 14523 1396 95334.3 94984
36 50 14524 1397 95289.9 94984
36 50 14525 1398 95239.2 94984
36 50 14526 1399 95191.4 94984
36 50 14527 1400 95246 94984
36 50 14528 1401 95242.7 94984
36 50 14529 1402 95267.7 94984
36 50 14530 1403 95249 94984
36 50 14531 1404 95288.6 94984
36 50 14532 1405 95268.5 94984
36 50 14533 1406 95230 94984
36 50 14534 1407 95280.4 94984
36 50 14535 1408 95375.3 94984
36 50 14536 1409 95285.2 94984
36 50 14537 1410 95270.7 94984
36 50 14538 1411 95316.9 94984
36 50 14539 1412 95292.9 94984
36 50 14540 1413 95207.3 94984
36 50 14541 1414 95163.8 94984
36 50 14542 1415 95219.6 94984
36 50 14543 1416 95164.4 94984
36 50 14544 1417 95176.3 94984
36 50 14545 1418 95191.3 94984
36 50 14546 1419 95170.9 94984
36 50 14547 1420 95203.8 94984
36 50 14548 1421 95192.5 94984
36 50 14549 1422 95156.5 94984
36 50 14550 1423 95154.2 94984
36 50 14551 1424 95142.8 94984
36 50 14552 1425 95155.7 94984
36 50 14553 1426 95143.6 94984
36 50 14554 1427 95151.9 94984
36 50 14555 1428 95150.9 94984
36 50 14556 1429 95158.2 94984
36 50 14557 1430 95179.6 94984
36 50 14558 1431 95259.7 94984
36 50 14559 1432 95275.5 94984
36 50 14560 1433 95088 94984
36 50 14561 1434 95030 94984
36 50 14562 1435 95003.4 94984
36 50 14563 1436 95030.8 94984
36 50 14564 1437 95064.3 94984
36 50 14565 1438 95050.3 94984
36 50 14566 1439 95037.6 94984
36 50 14567 1440 95082 94984
36 50 14568 1441 95052.8 94984
36 50 14569 1442 95017.2 94984
36 50 14570 1443 95055.6 94984
36 50 14571 1444 95032.2 94984
36 50 14572 1445 95018.7 94984
36 50 14573 1446 95070.3 94984
36 50 14574 1447 94979.3 94984
36 50 14575 1448 94985.6 94984
36 50 14576 1449 94989.1 94984
36 50 14577 1450 95020.1 94984
36 50 14578 1451 94946.2 94984
36 50 14579 1452 94918.8 94984
36 50 14580 1453 94937.9 94984
36 50 14581 1454 94971.2 94984
36 50 14582 1455 95005.1 94984
36 50 14583 1456 94994.9 94984
36 50 14584 1457 94963.4 94984
36 50 14585 1458 94916.9 94984
36 50 14586 1459 94937.1 94984
36 50 14587 1460 94950 94984
36 50 14588 1461 95012.5 94984
36 50 14589 1462 95039 94984
36 50 14590 1463 95107.3 94984
36 50 14591 1464 95044.1 94984
36 50 14592 1465 95067.3 94984
36 50 14593 1466 95037.7 94984
36 50 14594 1467 95019.9 94984
36 50 14595 1468 94943.6 94984
36 50 14596 1469 94901.4 94984
36 50 14597 1470 94902.8 94984
36 50 14598 1471 94908.4 94984
36 50 14599 1472 94948.9 94984
36 50 14600 1473 94913.5 94984
36 50 14601 1474 94898 94984
36 50 14602 1475 94914.6 94984
36 50 14603 1476 94936 94984
36 50 14604 1477 94958.9 94984
36 50 14605 1478 94973.8 94984
36 50 14606 1479 95001.6 94984
36 50 14607 1480 95110.5 94984
36 50 14608 1481 95143.3 94984
36 50 14609 1482 95143.9 94984
36 50 14610 1483 95230.7 94984
36 50 14611 1484 95161.4 94984
36 50 14612 1485 95197.5 94984
36 50 14613 1486 95170.7 94984
36 50 14614 1487 95221 94984
36 50 14615 1488 95226.4 94984
36 50 14616 1489 95214.9 94984
36 50 14617 1490 95167.7 94984
36 50 14618 1491 95252.7 94984
36 50 14619 1492 95199.4 94984
36 50 14620 1493 95196.8 94984
36 50 14621 1494 95213 94984
36 50 14622 1495 95140.1 94984
36 50 14623 1496 95176.4 94984
36 50 14624 1497 95187.4 94984
36 50 14625 1498 95306 94984
36 50 14626 1499 95300.4 94984
36 50 14627 1500 95229.4 94984
36 50 14628 1501 95283.8 94984
36 50 14629 1502 95299.6 94984
36 50 14630 1503 95338.4 94984
36 50 14631 1504 95310.6 94984
36 50 14632 1505 95239.3 94984
36 50 14633 1506 95185.6 94984
36 50 14634 1507 95256.5 94984
36 50 14635 1508 95308 94984
36 50 14636 1509 95298.4 94984
36 50 14637 1510 95306.9 94984
36 50 14638 1511 95228.4 94984
36 50 14639 1512 95170.9 94984
36 50 14640 1513 95136.1 94984
36 50 14641 1514 95208.2 94984
36 50 14642 1515 95251 94984
36 50 14643 1516 95197.3 94984
36 50 14644 1517 95145.4 94984
36 50 14645 1518 95149 94984
36 50 14646 1519 95028.1 94984
36 50 14647 1520 95153 94984
36 50 14648 1521 95199.2 94984
36 50 14649 1522 95232.7 94984
36 50 14650 1523 95183.3 94984
36 50 14651 1524 95202.2 94984
36 50 14652 1525 95200.3 94984
36 50 14653 1526 95156.2 94984
36 50 14654 1527 95234 94984
36 50 14655 1528 95252.1 94984
36 50 14656 1529 95227.5 94984
36 50 14657 1530 95272.8 94984
36 50 14658 1531 95205.2 94984
36 50 14659 1532 95165.5 94984
36 50 14660 1533 95182.2 94984
36 50 14661 1534 95180.6 94984
36 50 14662 1535 95200.7 94984
36 50 14663 1536 95216.6 94984
36 50 14664 1537 95321.7 94984
36 50 14665 1538 95302.2 94984
36 50 14666 1539 95341.9 94984
36 50 14667 1540 95384.4 94984
36 50 14668 1541 95409.3 94984
36 50 14669 1542 95433.4 94984
36 50 14670 1543 95445.7 94984
36 50 14671 1544 95371.2 94984
36 50 14672 1545 95418.9 94984
36 50 14673 1546 95410.5 94984
36 50 14674 1547 95302.6 94984
36 50 14675 1548 95358.2 94984
36 50 14676 1549 95371.4 94984
36 50 14677 1550 95324.6 94984
36 50 14678 1551 95219.8 94984
36 50 14679 1552 95179.5 94984
36 50 14680 1553 95167.7 94984
36 50 14681 1554 95136.5 94984
36 50 14682 1555 95180.2 94984
36 50 14683 1556 95206.5 94984
36 50 14684 1557 95204.2 94984
36 50 14685 1558 95133.4 94984
36 50 14686 1559 95193.5 94984
36 50 14687 1560 95298.3 94984
36 50 14688 1561 95391.2 94984
36 50 14689 1562 95406.2 94984
36 50 14690 1563 95449.6 94984
36 50 14691 1564 95476.6 94984
36 50 14692 1565 95472.7 94984
36 50 14693 1566 95401.1 94984
36 50 14694 1567 95417.9 94984
36 50 14695 1568 95521.6 94984
36 50 14696 1569 95517.1 94984
36 50 14697 1570 95555.4 94984
36 50 14698 1571 95516.1 94984
36 50 14699 1572 95521.6 94984
36 50 14700 1573 95500.4 94984
36 50 14701 1574 95490.6 94984
36 50 14702 1575 95493.1 94984
36 50 14703 1576 95469.5 94984
36 50 14704 1577 95547.5 94984
36 50 14705 1578 95433.9 94984
36 50 14706 1579 95441.3 94984
36 50 14707 1580 95487.7 94984
36 50 14708 1581 95462.4 94984
36 50 14709 1582 95451.4 94984
36 50 14710 1583 95531.4 94984
36 50 14711 1584 95508.3 94984
36 50 14712 1585 95512.7 94984
36 50 14713 1586 95471.2 94984
36 50 14714 1587 95452.7 94984
36 50 14715 1588 95379.2 94984
36 50 14716 1589 95409.6 94984
36 50 14717 1590 95324.8 94984
36 50 14718 1591 95336.2 94984
36 50 14719 1592 95379.1 94984
36 50 14720 1593 95297.1 94984
36 50 14721 1594 95282.1 94984
36 50 14722 1595 95144.3 94984
36 50 14723 1596 95222 94984
36 50 14724 1597 95241.7 94984
36 50 14725 1598 95271.4 94984
36 50 14726 1599 95278.2 94984
36 50 14727 1600 95263.7 94984
36 50 14728 1601 95287.8 94984
36 50 14729 1602 95341 94984
36 50 14730 1603 95393.2 94984
36 50 14731 1604 95343.8 94984
36 50 14732 1605 95420.7 94984
36 50 14733 1606 95415.1 94984
36 50 14734 1607 95419.7 94984
36 50 14735 1608 95381.1 94984
36 50 14736 1609 95330.3 94984
36 50 14737 1610 95238.7 94984
36 50 14738 1611 95160.2 94984
36 50 14739 1612 95159 94984
36 50 14740 1613 95147.6 94984
36 50 14741 1614 95195.8 94984
36 50 14742 1615 95213.1 94984
36 50 14743 1616 95191.6 94984
36 50 14744 1617 95204.8 94984
36 50 14745 1618 95176.9 94984
36 50 14746 1619 95179.1 94984
36 50 14747 1620 95108 94984
36 50 14748 1621 95131 94984
36 50 14749 1622 95130.2 94984
36 50 14750 1623 95127.3 94984
36 50 14751 1624 95121.1 94984
36 50 14752 1625 95136.9 94984
36 50 14753 1626 95108.1 94984
36 50 14754 1627 95165.4 94984
36 50 14755 1628 95160 94984
36 50 14756 1629 95200.4 94984
36 50 14757 1630 95225.4 94984
36 50 14758 1631 95161.2 94984
36 50 14759 1632 95135.1 94984
36 50 14760 1633 95130.9 94984
36 50 14761 1634 95128.8 94984
36 50 14762 1635 95051.5 94984
36 50 14763 1636 95053.2 94984
36 50 14764 1637 95005 94984
36 50 14765 1638 95059.5 94984
36 50 14766 1639 95067.3 94984
36 50 14767 1640 95077.7 94984
36 50 14768 1641 95102.2 94984
36 50 14769 1642 95149.6 94984
36 50 14770 1643 95220.6 94984
36 50 14771 1644 95257 94984
36 50 14772 1645 95292.6 94984
36 50 14773 1646 95248.3 94984
36 50 14774 1647 95151.8 94984
36 50 14775 1648 95094.9 94984
36 50 14776 1649 95114.5 94984
36 50 14777 1650 95100.1 94984
36 50 14778 1651 95094.3 94984
36 50 14779 1652 95169.6 94984
36 50 14780 1653 95218.8 94984
36 50 14781 1654 95209.7 94984
36 50 14782 1655 95236.1 94984
36 50 14783 1656 95134.5 94984
36 50 14784 1657 95165.7 94984
36 50 14785 1658 95028.3 94984
36 50 14786 1659 95098.9 94984
36 50 14787 1660 95077 94984
36 50 14788 1661 95099 94984
36 50 14789 1662 95119.7 94984
36 50 14790 1663 95156.6 94984
36 50 14791 1664 95145.5 94984
36 50 14792 1665 95062.3 94984
36 50 14793 1666 94977.3 94984
36 50 14794 1667 95002.3 94984
36 50 14795 1668 95061.7 94984
36 50 14796 1669 95012 94984
36 50 14797 1670 95065.5 94984
36 50 14798 1671 95022.2 94984
36 50 14799 1672 95056.5 94984
36 50 14800 1673 95005.3 94984
36 50 14801 1674 95031.9 94984
36 50 14802 1675 95110.7 94984
36 50 14803 1676 95072.6 94984
36 50 14804 1677 94879.3 94984
36 50 14805 1678 94925 94984
36 50 14806 1679 94843.8 94984
36 50 14807 1680 94830.8 94984
36 50 14808 1681 94747 94984
36 50 14809 1682 94732.7 94984
36 50 14810 1683 94720 94984
36 50 14811 1684 94773.4 94984
36 50 14812 1685 94833.3 94984
36 50 14813 1686 94765.2 94984
36 50 14814 1687 94803.8 94984
36 50 14815 1688 94774.8 94984
36 50 14816 1689 94793.9 94984
36 50 14817 1690 94813.6 94984
36 50 14818 1691 94856.3 94984
36 50 14819 1692 94924.5 94984
36 50 14820 1693 94918.5 94984
36 50 14821 1694 94899.7 94984
36 50 14822 1695 94828.7 94984
36 50 14823 1696 94816.6 94984
36 50 14824 1697 94818.1 94984
36 50 14825 1698 94761.8 94984
36 50 14826 1699 94781.1 94984
36 50 14827 1700 94796 94984
36 50 14828 1701 94835 94984
36 50 14829 1702 94937.7 94984
36 50 14830 1703 94970.7 94984
36 50 14831 1704 95069.6 94984
36 50 14832 1705 95138.4 94984
36 50 14833 1706 95184.8 94984
36 50 14834 1707 95239.4 94984
36 50 14835 1708 95274.1 94984
36 50 14836 1709 95231.9 94984
36 50 14837 1710 95337.8 94984
36 50 14838 1711 95395.9 94984
36 50 14839 1712 95374.2 94984
36 50 14840 1713 95308.8 94984
36 50 14841 1714 95300.4 94984
36 50 14842 1715 95314.8 94984
36 50 14843 1716 95226.2 94984
36 50 14844 1717 95277.2 94984
36 50 14845 1718 95169.2 94984
36 50 14846 1719 95191 94984
36 50 14847 1720 95145.7 94984
36 50 14848 1721 95159 94984
36 50 14849 1722 95154.7 94984
36 50 14850 1723 95085.3 94984
36 50 14851 1724 95068.8 94984
36 50 14852 1725 95071.5 94984
36 50 14853 1726 94984.1 94984
36 50 14854 1727 94927 94984
36 50 14855 1728 94913.9 94984
36 50 14856 1729 94909.8 94984
36 50 14857 1730 94832 94984
36 50 14858 1731 94849.2 94984
36 50 14859 1732 94854.4 94984
36 50 14860 1733 94798.9 94984
36 50 14861 1734 94803 94984
36 50 14862 1735 94859 94984
36 50 14863 1736 94846 94984
36 50 14864 1737 94831.5 94984
36 50 14865 1738 94837.5 94984
36 50 14866 1739 94851.3 94984
36 50 14867 1740 94870 94984
36 50 14868 1741 94893.6 94984
36 50 14869 1742 94889.1 94984
36 50 14870 1743 94877.3 94984
36 50 14871 1744 94907.9 94984
36 50 14872 1745 94867.7 94984
36 50 14873 1746 94783.9 94984
36 50 14874 1747 94821.3 94984
36 50 14875 1748 94922.1 94984
36 50 14876 1749 94962.9 94984
36 50 14877 1750 94957 94984
36 50 14878 1751 95035.6 94984
36 50 14879 1752 95031.3 94984
36 50 14880 1753 94951.6 94984
36 50 14881 1754 94936.9 94984
36 50 14882 1755 94903.9 94984
36 50 14883 1756 94813.4 94984
36 50 14884 1757 94812.2 94984
36 50 14885 1758 94798.6 94984
36 50 14886 1759 94770.6 94984
36 50 14887 1760 94743 94984
36 50 14888 1761 94757.1 94984
36 50 14889 1762 94763 94984
36 50 14890 1763 94814.1 94984
36 50 14891 1764 94814 94984
36 50 14892 1765 94846.9 94984
36 50 14893 1766 94894.9 94984
36 50 14894 1767 94849 94984
36 50 14895 1768 94871.5 94984
36 50 14896 1769 94870.3 94984
36 50 14897 1770 95036.8 94984
36 50 14898 1771 95076 94984
36 50 14899 1772 95072.2 94984
36 50 14900 1773 95058.1 94984
36 50 14901 1774 95020.4 94984
36 50 14902 1775 94953.3 94984
36 50 14903 1776 94953 94984
36 50 14904 1777 94974.3 94984
36 50 14905 1778 95069.4 94984
36 50 14906 1779 95187.3 94984
36 50 14907 1780 95184.5 94984
36 50 14908 1781 95109.4 94984
36 50 14909 1782 95166.5 94984
36 50 14910 1783 95130.4 94984
36 50 14911 1784 95158.5 94984
36 50 14912 1785 95091.6 94984
36 50 14913 1786 95069.6 94984
36 50 14914 1787 95139.3 94984
36 50 14915 1788 95186.7 94984
36 50 14916 1789 95163.7 94984
36 50 14917 1790 95273.9 94984
36 50 14918 1791 95245.3 94984
36 50 14919 1792 95357 94984
36 50 14920 1793 95404 94984
36 50 14921 1794 95401.3 94984
36 50 14922 1795 95383.4 94984
36 50 14923 1796 95435.2 94984
36 50 14924 1797 95400.4 94984
36 50 14925 1798 95408.6 94984
36 50 14926 1799 95315.1 94984
36 50 14927 1800 95380.1 94984
36 50 14928 1801 95326.7 94984
36 50 14929 1802 95334 94984
36 50 14930 1803 95255.1 94984
36 50 14931 1804 95207.9 94984
36 50 14932 1805 95218.8 94984
36 50 14933 1806 95263.8 94984
36 50 14934 1807 95188.5 94984
36 50 14935 1808 95119.5 94984
36 50 14936 1809 95096.2 94984
36 50 14937 1810 95198.4 94984
36 50 14938 1811 95244.3 94984
36 50 14939 1812 95223.2 94984
36 50 14940 1813 95248.4 94984
36 50 14941 1814 95196.2 94984
36 50 14942 1815 95241.8 94984
36 50 14943 1816 95230.1 94984
36 50 14944 1817 95312.1 94984
36 50 14945 1818 95303 94984
36 50 14946 1819 95337.1 94984
36 50 14947 1820 95315.6 94984
36 50 14948 1821 95272.4 94984
36 50 14949 1822 95213.2 94984
36 50 14950 1823 95203.8 94984
36 50 14951 1824 95243.2 94984
36 50 14952 1825 95203 94984
36 50 14953 1826 95245.2 94984
36 50 14954 1827 95211.9 94984
36 50 14955 1828 95188.5 94984
36 50 14956 1829 95265.8 94984
36 50 14957 1830 95169.4 94984
36 50 14958 1831 95180.2 94984
36 50 14959 1832 95192 94984
36 50 14960 1833 95202.5 94984
36 50 14961 1834 95307.6 94984
36 50 14962 1835 95330 94984
36 50 14963 1836 95331.5 94984
36 50 14964 1837 95321.8 94984
36 50 14965 1838 95357.1 94984
36 50 14966 1839 95382.5 94984
36 50 14967 1840 95335.3 94984
36 50 14968 1841 95339.8 94984
36 50 14969 1842 95289.7 94984
36 50 14970 1843 95242.4 94984
36 50 14971 1844 95246.9 94984
36 50 14972 1845 95268.6 94984
36 50 14973 1846 95282.6 94984
36 50 14974 1847 95251.5 94984
36 50 14975 1848 95280 94984
36 50 14976 1849 95305 94984
36 50 14977 1850 95155.6 94984
36 50 14978 1851 95126.3 94984
36 50 14979 1852 95127.4 94984
36 50 14980 1853 95017.6 94984
36 50 14981 1854 94972.6 94984
36 50 14982 1855 94940.7 94984
36 50 14983 1856 94956.1 94984
36 50 14984 1857 94875.1 94984
36 50 14985 1858 94952.3 94984
36 50 14986 1859 95019.6 94984
36 50 14987 1860 95030.3 94984
36 50 14988 1861 95065.5 94984
36 50 14989 1862 95002.9 94984
36 50 14990 1863 94978.1 94984
36 50 14991 1864 94976.9 94984
36 50 14992 1865 94974.4 94984
36 50 14993 1866 94967.7 94984
36 50 14994 1867 95043.3 94984
36 50 14995 1868 95089.1 94984
36 50 14996 1869 95125.5 94984
36 50 14997 1870 95114.8 94984
36 50 14998 1871 95094.8 94984
36 50 14999 1872 95061.2 94984
36 50 15000 1873 95015.9 94984
36 50 15001 1874 94963.5 94984
36 50 15002 1875 94997.5 94984
36 50 15003 1876 95003.2 94984
36 50 15004 1877 94958.8 94984
36 50 15005 1878 94970.2 94984
36 50 15006 1879 94951.6 94984
36 50 15007 1880 94877.8 94984
36 50 15008 1881 94827.6 94984
36 50 15009 1882 94803.4 94984
36 50 15010 1883 94890.1 94984
36 50 15011 1884 94983.4 94984
36 50 15012 1885 94939.1 94984
36 50 15013 1886 94936.4 94984
36 50 15014 1887 94949.5 94984
36 50 15015 1888 94914.3 94984
36 50 15016 1889 94904.8 94984
36 50 15017 1890 94966.7 94984
36 50 15018 1891 94999.1 94984
36 50 15019 1892 94997.2 94984
36 50 15020 1893 95004.5 94984
36 50 15021 1894 95008 94984
36 50 15022 1895 95013.8 94984
36 50 15023 1896 95066.5 94984
36 50 15024 1897 95141.4 94984
36 50 15025 1898 95088.5 94984
36 50 15026 1899 95157.8 94984
36 50 15027 1900 95195.5 94984
36 50 15028 1901 95140.7 94984
36 50 15029 1902 95139.3 94984
36 50 15030 1903 95111.2 94984
36 50 15031 1904 95166.8 94984
36 50 15032 1905 95093.3 94984
36 50 15033 1906 95169.7 94984
36 50 15034 1907 95102.8 94984
36 50 15035 1908 95119.2 94984
36 50 15036 1909 95123.5 94984
36 50 15037 1910 95118.7 94984
36 50 15038 1911 95114.9 94984
36 50 15039 1912 95129.7 94984
36 50 15040 1913 95111.7 94984
36 50 15041 1914 94988.9 94984
36 50 15042 1915 95046.2 94984
36 50 15043 1916 95006.8 94984
36 50 15044 1917 95030.6 94984
36 50 15045 1918 94995.9 94984
36 50 15046 1919 94920.8 94984
36 50 15047 1920 94904 94984
36 50 15048 1921 94913.1 94984
36 50 15049 1922 94944.8 94984
36 50 15050 1923 94982.7 94984
36 50 15051 1924 95018.4 94984
36 50 15052 1925 95067.2 94984
36 50 15053 1926 95141.5 94984
36 50 15054 1927 95176.7 94984
36 50 15055 1928 95189.9 94984
36 50 15056 1929 95265.2 94984
36 50 15057 1930 95271.2 94984
36 50 15058 1931 95266.3 94984
36 50 15059 1932 95261.3 94984
36 50 15060 1933 95280.8 94984
36 50 15061 1934 95262.3 94984
36 50 15062 1935 95184.3 94984
36 50 15063 1936 95202.7 94984
36 50 15064 1937 95139.3 94984
36 50 15065 1938 95103.7 94984
36 50 15066 1939 95144.3 94984
36 50 15067 1940 95245.7 94984
36 50 15068 1941 95214.4 94984
36 50 15069 1942 95241.4 94984
36 50 15070 1943 95229.3 94984
36 50 15071 1944 95202.1 94984
36 50 15072 1945 95114 94984
36 50 15073 1946 95079.9 94984
34 50 15074 1947 95159.3 94984
34 50 15075 1948 95135.4 94984
34 50 15076 1949 95113.1 94984
34 50 15077 1950 95132.5 94984
34 50 15078 1951 95099.3 94984
34 50 15079 1952 95105 94984
34 50 15080 1953 95155.6 94984
34 50 15081 1954 95166.1 94984
34 50 15082 1955 95184.9 94984
34 50 15083 1956 95194.7 94984
34 50 15084 1957 95218.6 94984
34 50 15085 1958 95172.7 94984
34 50 15086 1959 95160.6 94984
34 50 15087 1960 95164.6 94984
34 50 15088 1961 95059.2 94984
34 50 15089 1962 95125.3 94984
34 50 15090 1963 95151.7 94984
34 50 15091 1964 95171.4 94984
34 50 15092 1965 95119 94984
34 50 15093 1966 95051.5 94984
34 50 15094 1967 95029.1 94984
34 50 15095 1968 95044.7 94984
34 50 15096 1969 95005 94984
34 50 15097 1970 94968.3 94984
34 50 15098 1971 95084.6 94984
34 50 15099 1972 95112.4 94984
34 50 15100 1973 95147.7 94984
34 50 15101 1974 95110.7 94984
34 50 15102 1975 95107.8 94984
34 50 15103 1976 95141.5 94984
34 50 15104 1977 95127.6 94984
34 50 15105 1978 95171.8 94984
34 50 15106 1979 95178.3 94984
34 50 15107 1980 95177.9 94984
34 50 15108 1981 95229.4 94984
34 50 15109 1982 95219.5 94984
34 50 15110 1983 95169.8 94984
34 50 15111 1984 95182.2 94984
34 50 15112 1985 95168.6 94984
34 50 15113 1986 95194.2 94984
34 50 15114 1987 95206.7 94984
34 50 15115 1988 95263.2 94984
34 50 15116 1989 95249.6 94984
34 50 15117 1990 95223.1 94984
34 50 15118 1991 95224.8 94984
34 50 15119 1992 95244 94984
34 50 15120 1993 95194.7 94984
34 50 15121 1994 95182.5 94984
34 50 15122 1995 95106.7 94984
34 50 15123 1996 95016 94984
34 50 15124 1997 95009.1 94984
