38 52 13952 0 0 104295
38 52 13953 1 900.084 104295
38 52 13954 2 1774.68 104295
38 52 13955 3 2629.96 104295
38 52 13956 4 3443.29 104295
38 52 13957 5 4245.72 104295
38 52 13958 6 5007.78 104295
38 52 13959 7 5731.49 104295
38 52 13960 8 6548.45 104295
38 52 13961 9 7242.85 104295
38 52 13962 10 7961.05 104295
38 52 13963 11 8640.68 104295
38 52 13964 12 9327.67 104295
38 52 13965 13 10049 104295
38 52 13966 14 10765.4 104295
38 52 13967 15 11557.2 104295
38 52 13968 16 12345.7 104295
38 52 13969 17 13107.4 104295
38 52 13970 18 13857.2 104295
38 52 13971 19 14477.9 104295
38 52 13972 20 15216.7 104295
38 52 13973 21 15907.1 104295
38 52 13974 22 16570.1 104295
38 52 13975 23 17156.8 104295
38 52 13976 24 17878 104295
38 52 13977 25 18550.3 104295
38 52 13978 26 19249 104295
38 52 13979 27 19948.1 104295
38 52 13980 28 20657.6 104295
38 52 13981 29 21305.4 104295
38 52 13982 30 21940.8 104295
38 52 13983 31 22583.3 104295
38 52 13984 32 23227.1 104295
38 52 13985 33 23792.1 104295
38 52 13986 34 24484.2 104295
38 52 13987 35 25131.6 104295
38 52 13988 36 25750 104295
38 52 13989 37 26418.6 104295
38 52 13990 38 27037.9 104295
38 52 13991 39 27643.5 104295
38 52 13992 40 28261.4 104295
38 52 13993 41 28885.1 104295
38 52 13994 42 29434.7 104295
38 52 13995 43 29930.8 104295
38 52 13996 44 30539.1 104295
38 52 13997 45 31123.6 104295
38 52 13998 46 31627 104295
38 52 13999 47 32270.3 104295
38 52 14000 48 32821.7 104295
38 52 14001 49 33372.6 104295
38 52 14002 50 33907.4 104295
38 52 14003 51 34359.1 104295
38 52 14004 52 34982.3 104295
38 52 14005 53 35500.1 104295
38 52 14006 54 35992.9 104295
38 52 14007 55 36526.4 104295
38 52 14008 56 37040.8 104295
38 52 14009 57 37610 104295
38 52 14010 58 38131.4 104295
38 52 14011 59 38607.1 104295
38 52 14012 60 39132.2 104295
38 52 14013 61 39618.3 104295
38 52 14014 62 40101.6 104295
38 52 14015 63 40617.4 104295
38 52 14016 64 41149.7 104295
38 52 14017 65 41618.5 104295
38 52 14018 66 42144.3 104295
38 52 14019 67 42626.9 104295
38 52 14020 68 43176.5 104295
38 52 14021 69 43626.8 104295
38 52 14022 70 44096.9 104295
38 52 14023 71 44496.6 104295
38 52 14024 72 45056.8 104295
38 52 14025 73 45403.2 104295
38 52 14026 74 45889.3 104295
38 52 14027 75 46333.3 104295
38 52 14028 76 46749.9 104295
38 52 14029 77 47189 104295
38 52 14030 78 47601.5 104295
38 52 14031 79 48040.9 104295
38 52 14032 80 48475.9 104295
38 52 14033 81 49016.6 104295
38 52 14034 82 49422.4 104295
38 52 14035 83 49878.7 104295
38 52 14036 84 50373.6 104295
38 52 14037 85 50791.5 104295
38 52 14038 86 51205.3 104295
38 52 14039 87 51619.3 104295
38 52 14040 88 52148.2 104295
38 52 14041 89 52497.5 104295
38 52 14042 90 52909.8 104295
38 52 14043 91 53375.8 104295
38 52 14044 92 53753.9 104295
38 52 14045 93 54155.2 104295
38 52 14046 94 54519.2 104295
38 52 14047 95 54969.3 104295
38 52 14048 96 55367.2 104295
38 52 14049 97 55700.3 104295
38 52 14050 98 56155.3 104295
38 52 14051 99 56543.1 104295
38 52 14052 100 56919.5 104295
38 52 14053 101 57257.2 104295
38 52 14054 102 57619.5 104295
38 52 14055 103 57937.2 104295
38 52 14056 104 58354.2 104295
38 52 14057 105 58805.4 104295
38 52 14058 106 59107.9 104295
38 52 14059 107 59535.4 104295
38 52 14060 108 59996.3 104295
38 52 14061 109 60247.4 104295
38 52 14062 110 60615.9 104295
38 52 14063 111 60933.6 104295
38 52 14064 112 61224.1 104295
38 52 14065 113 61503 104295
38 52 14066 114 61850.9 104295
38 52 14067 115 62164.8 104295
38 52 14068 116 62495.3 104295
38 52 14069 117 62888.5 104295
38 52 14070 118 63238.3 104295
38 52 14071 119 63612.1 104295
38 52 14072 120 63966.8 104295
38 52 14073 121 64297.8 104295
38 52 14074 122 64651.3 104295
38 52 14075 123 64914.6 104295
38 52 14076 124 65268.3 104295
38 52 14077 125 65606.2 104295
38 52 14078 126 65956.7 104295
38 52 14079 127 66256.6 104295
38 52 14080 128 66524.5 104295
38 52 14081 129 66718.8 104295
38 52 14082 130 66986.2 104295
38 52 14083 131 67328.4 104295
38 52 14084 132 67610.8 104295
38 52 14085 133 67911.9 104295
38 52 14086 134 68181.4 104295
38 52 14087 135 68470 104295
38 52 14088 136 68675.5 104295
38 52 14089 137 69036.5 104295
38 52 14090 138 69345.5 104295
38 52 14091 139 69594.8 104295
38 52 14092 140 69951 104295
38 52 14093 141 70305.8 104295
38 52 14094 142 70519.9 104295
38 52 14095 143 70808.6 104295
38 52 14096 144 71103.8 104295
38 52 14097 145 71435.9 104295
38 52 14098 146 71650.8 104295
38 52 14099 147 71914.5 104295
38 52 14100 148 72170.1 104295
38 52 14101 149 72444.8 104295
38 52 14102 150 72822.4 104295
38 52 14103 151 73031.8 104295
38 52 14104 152 73340.3 104295
38 52 14105 153 73578.7 104295
38 52 14106 154 73771.1 104295
38 52 14107 155 74047.8 104295
38 52 14108 156 74187.7 104295
38 52 14109 157 74410.2 104295
38 52 14110 158 74676.1 104295
38 52 14111 159 74920.2 104295
38 52 14112 160 75135.8 104295
38 52 14113 161 75414 104295
38 52 14114 162 75636.3 104295
38 52 14115 163 75843.7 104295
38 52 14116 164 76058.5 104295
38 52 14117 165 76368.1 104295
38 52 14118 166 76621.4 104295
38 52 14119 167 76841.5 104295
38 52 14120 168 77031.6 104295
38 52 14121 169 77195 104295
38 52 14122 170 77419 104295
38 52 14123 171 77628.8 104295
38 52 14124 172 77772.9 104295
38 52 14125 173 77956.1 104295
38 52 14126 174 78246.7 104295
38 52 14127 175 78455.4 104295
38 52 14128 176 78677.2 104295
38 52 14129 177 78804.5 104295
38 52 14130 178 78979.1 104295
38 52 14131 179 79130 104295
38 52 14132 180 79279.3 104295
38 52 14133 181 79450.4 104295
38 52 14134 182 79662.7 104295
38 52 14135 183 79828.2 104295
38 52 14136 184 79969.6 104295
38 52 14137 185 80092.3 104295
38 52 14138 186 80285.7 104295
38 52 14139 187 80507.6 104295
38 52 14140 188 80751.6 104295
38 52 14141 189 80914.6 104295
38 52 14142 190 81073.9 104295
38 52 14143 191 81287.8 104295
38 52 14144 192 81608.6 104295
38 52 14145 193 81808.1 104295
38 52 14146 194 81941.4 104295
38 52 14147 195 82118 104295
38 52 14148 196 82187.7 104295
38 52 14149 197 82345.5 104295
38 52 14150 198 82532.2 104295
38 52 14151 199 82684.2 104295
38 52 14152 200 82893 104295
38 52 14153 201 83073.5 104295
38 52 14154 202 83217.6 104295
38 52 14155 203 83423.5 104295
38 52 14156 204 83559.4 104295
38 52 14157 205 83781.9 104295
38 52 14158 206 83867.5 104295
38 52 14159 207 84017.8 104295
38 52 14160 208 84250.9 104295
38 52 14161 209 84406.8 104295
38 52 14162 210 84530.9 104295
38 52 14163 211 84640.5 104295
38 52 14164 212 84743.8 104295
38 52 14165 213 84842 104295
38 52 14166 214 84981.1 104295
38 52 14167 215 85172.5 104295
38 52 14168 216 85308.1 104295
38 52 14169 217 85438.3 104295
38 52 14170 218 85629.4 104295
38 52 14171 219 85873.2 104295
38 52 14172 220 85986.7 104295
38 52 14173 221 86120 104295
38 52 14174 222 86236.8 104295
38 52 14175 223 86392.5 104295
38 52 14176 224 86559.3 104295
38 52 14177 225 86651.2 104295
38 52 14178 226 86779.1 104295
38 52 14179 227 86994.5 104295
38 52 14180 228 87100.1 104295
38 52 14181 229 87241.5 104295
38 52 14182 230 87310 104295
38 52 14183 231 87425.7 104295
38 52 14184 232 87539.7 104295
38 52 14185 233 87665.4 104295
38 52 14186 234 87890.9 104295
38 52 14187 235 88007.7 104295
38 52 14188 236 88151.2 104295
38 52 14189 237 88262.4 104295
38 52 14190 238 88373.3 104295
38 52 14191 239 88549.1 104295
38 52 14192 240 88680.1 104295
38 52 14193 241 88861.5 104295
38 52 14194 242 88958.3 104295
38 52 14195 243 89158.2 104295
38 52 14196 244 89212.9 104295
38 52 14197 245 89417.8 104295
38 52 14198 246 89544.1 104295
38 52 14199 247 89703.2 104295
38 52 14200 248 89849 104295
38 52 14201 249 90015.8 104295
38 52 14202 250 90185.8 104295
38 52 14203 251 90234.9 104295
38 52 14204 252 90293.5 104295
38 52 14205 253 90366.6 104295
38 52 14206 254 90448.5 104295
38 52 14207 255 90528.9 104295
38 52 14208 256 90662.6 104295
38 52 14209 257 90820.5 104295
38 52 14210 258 90953.3 104295
38 52 14211 259 90975.2 104295
38 52 14212 260 91127.7 104295
38 52 14213 261 91197.2 104295
38 52 14214 262 91293.9 104295
38 52 14215 263 91413 104295
38 52 14216 264 91517.2 104295
38 52 14217 265 91660.4 104295
38 52 14218 266 91772.9 104295
38 52 14219 267 91809.5 104295
38 52 14220 268 91851.3 104295
38 52 14221 269 92005.5 104295
38 52 14222 270 92038 104295
38 52 14223 271 92156.5 104295
38 52 14224 272 92182.5 104295
38 52 14225 273 92293.4 104295
38 52 14226 274 92357.2 104295
38 52 14227 275 92488.4 104295
38 52 14228 276 92512 104295
38 52 14229 277 92665.7 104295
38 52 14230 278 92832.5 104295
38 52 14231 279 92933.1 104295
38 52 14232 280 93089.7 104295
38 52 14233 281 93257.1 104295
38 52 14234 282 93309.4 104295
38 52 14235 283 93358.6 104295
38 52 14236 284 93376.6 104295
38 52 14237 285 93442.9 104295
38 52 14238 286 93493.7 104295
38 52 14239 287 93574.5 104295
38 52 14240 288 93628.9 104295
38 52 14241 289 93785.2 104295
38 52 14242 290 93908 104295
38 52 14243 291 93938.2 104295
38 52 14244 292 94097.2 104295
38 52 14245 293 94224.8 104295
38 52 14246 294 94438.1 104295
38 52 14247 295 94483.4 104295
38 52 14248 296 94544.9 104295
38 52 14249 297 94703.6 104295
38 52 14250 298 94850.2 104295
38 52 14251 299 94977 104295
38 52 14252 300 95090.9 104295
38 52 14253 301 95085.6 104295
38 52 14254 302 95224.7 104295
38 52 14255 303 95307.6 104295
38 52 14256 304 95377.7 104295
38 52 14257 305 95576.2 104295
38 52 14258 306 95630.1 104295
38 52 14259 307 95747.8 104295
38 52 14260 308 95737.3 104295
38 52 14261 309 95835.3 104295
38 52 14262 310 95739.7 104295
38 52 14263 311 95837.7 104295
38 52 14264 312 96005.9 104295
38 52 14265 313 96105.5 104295
38 52 14266 314 96131 104295
38 52 14267 315 96202.2 104295
38 52 14268 316 96304.6 104295
38 52 14269 317 96338.1 104295
38 52 14270 318 96332.8 104295
38 52 14271 319 96322 104295
38 52 14272 320 96273.5 104295
38 52 14273 321 96390.1 104295
38 52 14274 322 96377 104295
38 52 14275 323 96415.7 104295
38 52 14276 324 96517.4 104295
38 52 14277 325 96590.9 104295
38 52 14278 326 96704.1 104295
38 52 14279 327 96817 104295
38 52 14280 328 96928.9 104295
38 52 14281 329 97065.2 104295
38 52 14282 330 97127.9 104295
38 52 14283 331 97130.7 104295
38 52 14284 332 97239.2 104295
38 52 14285 333 97235.5 104295
38 52 14286 334 97250.9 104295
38 52 14287 335 97277.4 104295
38 52 14288 336 97371.1 104295
38 52 14289 337 97427.1 104295
38 52 14290 338 97536.2 104295
38 52 14291 339 97629.7 104295
38 52 14292 340 97663.8 104295
38 52 14293 341 97639.3 104295
38 52 14294 342 97666 104295
38 52 14295 343 97745.5 104295
38 52 14296 344 97750.9 104295
38 52 14297 345 97867.8 104295
38 52 14298 346 97942.4 104295
38 52 14299 347 98099 104295
38 52 14300 348 98105 104295
38 52 14301 349 98106.5 104295
38 52 14302 350 98111.4 104295
38 52 14303 351 98110.6 104295
38 52 14304 352 98181.3 104295
38 52 14305 353 98254 104295
38 52 14306 354 98362.8 104295
38 52 14307 355 98418.3 104295
38 52 14308 356 98378.4 104295
38 52 14309 357 98469 104295
38 52 14310 358 98533.2 104295
38 52 14311 359 98594.1 104295
38 52 14312 360 98622.2 104295
38 52 14313 361 98657.1 104295
38 52 14314 362 98615.7 104295
38 52 14315 363 98684.4 104295
38 52 14316 364 98727 104295
38 52 14317 365 98786.2 104295
38 52 14318 366 98783.2 104295
38 52 14319 367 98807.8 104295
38 52 14320 368 98834.8 104295
38 52 14321 369 98877.6 104295
38 52 14322 370 98981 104295
38 52 14323 371 98966.1 104295
38 52 14324 372 99038.5 104295
38 52 14325 373 99160.7 104295
38 52 14326 374 99225.3 104295
38 52 14327 375 99205.6 104295
38 52 14328 376 99238 104295
38 52 14329 377 99207.5 104295
38 52 14330 378 99212.6 104295
38 52 14331 379 99219.4 104295
38 52 14332 380 99319.5 104295
38 52 14333 381 99386.7 104295
38 52 14334 382 99477.5 104295
38 52 14335 383 99505.6 104295
38 52 14336 384 99530.3 104295
38 52 14337 385 99568.9 104295
38 52 14338 386 99666 104295
38 52 14339 387 99673.9 104295
38 52 14340 388 99638 104295
38 52 14341 389 99652.1 104295
38 52 14342 390 99725.9 104295
38 52 14343 391 99719.1 104295
38 52 14344 392 99631.1 104295
38 52 14345 393 99653 104295
38 52 14346 394 99677.4 104295
38 52 14347 395 99714.1 104295
38 52 14348 396 99768.9 104295
38 52 14349 397 99800.6 104295
38 52 14350 398 99816.5 104295
38 52 14351 399 99913.7 104295
38 52 14352 400 99846.7 104295
38 52 14353 401 99850.8 104295
38 52 14354 402 99894.6 104295
38 52 14355 403 99890.6 104295
38 52 14356 404 99926.7 104295
38 52 14357 405 100021 104295
38 52 14358 406 100007 104295
38 52 14359 407 100059 104295
38 52 14360 408 100094 104295
38 52 14361 409 100142 104295
38 52 14362 410 100132 104295
38 52 14363 411 100237 104295
38 52 14364 412 100309 104295
38 52 14365 413 100412 104295
38 52 14366 414 100419 104295
38 52 14367 415 100407 104295
38 52 14368 416 100391 104295
38 52 14369 417 100350 104295
38 52 14370 418 100351 104295
38 52 14371 419 100415 104295
38 52 14372 420 100464 104295
38 52 14373 421 100423 104295
38 52 14374 422 100438 104295
38 52 14375 423 100466 104295
38 52 14376 424 100513 104295
38 52 14377 425 100551 104295
38 52 14378 426 100633 104295
38 52 14379 427 100630 104295
38 52 14380 428 100576 104295
38 52 14381 429 100527 104295
38 52 14382 430 100403 104295
38 52 14383 431 100497 104295
38 52 14384 432 100508 104295
38 52 14385 433 100603 104295
38 52 14386 434 100546 104295
38 52 14387 435 100584 104295
38 52 14388 436 100697 104295
38 52 14389 437 100626 104295
38 52 14390 438 100674 104295
38 52 14391 439 100644 104295
38 52 14392 440 100562 104295
38 52 14393 441 100562 104295
38 52 14394 442 100584 104295
38 52 14395 443 100629 104295
38 52 14396 444 100621 104295
38 52 14397 445 100652 104295
38 52 14398 446 100636 104295
38 52 14399 447 100708 104295
38 52 14400 448 100670 104295
38 52 14401 449 100691 104295
38 52 14402 450 100758 104295
38 52 14403 451 100858 104295
38 52 14404 452 100887 104295
38 52 14405 453 100867 104295
38 52 14406 454 100930 104295
38 52 14407 455 100938 104295
38 52 14408 456 100980 104295
38 52 14409 457 101009 104295
38 52 14410 458 101042 104295
38 52 14411 459 101066 104295
38 52 14412 460 101034 104295
38 52 14413 461 101018 104295
38 52 14414 462 101036 104295
38 52 14415 463 101139 104295
38 52 14416 464 101102 104295
38 52 14417 465 101066 104295
38 52 14418 466 101053 104295
38 52 14419 467 101091 104295
38 52 14420 468 101103 104295
38 52 14421 469 101128 104295
38 52 14422 470 101196 104295
38 52 14423 471 101318 104295
38 52 14424 472 101307 104295
38 52 14425 473 101391 104295
38 52 14426 474 101377 104295
38 52 14427 475 101344 104295
38 52 14428 476 101445 104295
38 52 14429 477 101455 104295
38 52 14430 478 101493 104295
38 52 14431 479 101647 104295
38 52 14432 480 101653 104295
38 52 14433 481 101692 104295
38 52 14434 482 101693 104295
38 52 14435 483 101783 104295
38 52 14436 484 101857 104295
38 52 14437 485 101878 104295
38 52 14438 486 101874 104295
38 52 14439 487 101812 104295
38 52 14440 488 101885 104295
38 52 14441 489 101876 104295
38 52 14442 490 101884 104295
38 52 14443 491 101910 104295
38 52 14444 492 101980 104295
38 52 14445 493 101966 104295
38 52 14446 494 101971 104295
38 52 14447 495 101995 104295
38 52 14448 496 101939 104295
38 52 14449 497 102002 104295
38 52 14450 498 102071 104295
38 52 14451 499 102108 104295
38 52 14452 500 102121 104295
38 52 14453 501 102216 104295
38 52 14454 502 102290 104295
38 52 14455 503 102348 104295
38 52 14456 504 102367 104295
38 52 14457 505 102369 104295
38 52 14458 506 102392 104295
38 52 14459 507 102386 104295
38 52 14460 508 102436 104295
38 52 14461 509 102527 104295
38 52 14462 510 102529 104295
38 52 14463 511 102571 104295
38 52 14464 512 102585 104295
38 52 14465 513 102544 104295
38 52 14466 514 102567 104295
38 52 14467 515 102655 104295
38 52 14468 516 102621 104295
38 52 14469 517 102552 104295
38 52 14470 518 102642 104295
38 52 14471 519 102678 104295
38 52 14472 520 102730 104295
38 52 14473 521 102673 104295
38 52 14474 522 102664 104295
38 52 14475 523 102651 104295
38 52 14476 524 102672 104295
38 52 14477 525 102769 104295
38 52 14478 526 102761 104295
38 52 14479 527 102713 104295
38 52 14480 528 102695 104295
38 52 14481 529 102700 104295
38 52 14482 530 102684 104295
38 52 14483 531 102671 104295
38 52 14484 532 102750 104295
38 52 14485 533 102718 104295
38 52 14486 534 102736 104295
38 52 14487 535 102811 104295
38 52 14488 536 102928 104295
38 52 14489 537 103021 104295
38 52 14490 538 103083 104295
38 52 14491 539 103171 104295
38 52 14492 540 103188 104295
38 52 14493 541 103166 104295
38 52 14494 542 103215 104295
38 52 14495 543 103171 104295
38 52 14496 544 103185 104295
38 52 14497 545 103162 104295
38 52 14498 546 103143 104295
38 52 14499 547 103104 104295
38 52 14500 548 103115 104295
38 52 14501 549 103060 104295
38 52 14502 550 102988 104295
38 52 14503 551 103039 104295
38 52 14504 552 103006 104295
38 52 14505 553 103022 104295
38 52 14506 554 103071 104295
38 52 14507 555 103121 104295
38 52 14508 556 103076 104295
38 52 14509 557 103140 104295
38 52 14510 558 103151 104295
38 52 14511 559 103186 104295
38 52 14512 560 103206 104295
38 52 14513 561 103275 104295
38 52 14514 562 103306 104295
38 52 14515 563 103303 104295
38 52 14516 564 103318 104295
38 52 14517 565 103246 104295
38 52 14518 566 103237 104295
38 52 14519 567 103164 104295
38 52 14520 568 103163 104295
38 52 14521 569 103139 104295
38 52 14522 570 103159 104295
38 52 14523 571 103125 104295
38 52 14524 572 103227 104295
38 52 14525 573 103215 104295
38 52 14526 574 103170 104295
38 52 14527 575 103230 104295
38 52 14528 576 103247 104295
38 52 14529 577 103229 104295
38 52 14530 578 103257 104295
38 52 14531 579 103232 104295
38 52 14532 580 103190 104295
38 52 14533 581 103166 104295
38 52 14534 582 103145 104295
38 52 14535 583 103154 104295
38 52 14536 584 103244 104295
38 52 14537 585 103234 104295
38 52 14538 586 103214 104295
38 52 14539 587 103211 104295
38 52 14540 588 103209 104295
38 52 14541 589 103294 104295
38 52 14542 590 103209 104295
38 52 14543 591 103268 104295
38 52 14544 592 103302 104295
38 52 14545 593 103346 104295
38 52 14546 594 103292 104295
38 52 14547 595 103251 104295
38 52 14548 596 103233 104295
38 52 14549 597 103261 104295
38 52 14550 598 103237 104295
38 52 14551 599 103268 104295
38 52 14552 600 103330 104295
38 52 14553 601 103285 104295
38 52 14554 602 103348 104295
38 52 14555 603 103277 104295
38 52 14556 604 103335 104295
38 52 14557 605 103392 104295
38 52 14558 606 103299 104295
38 52 14559 607 103319 104295
38 52 14560 608 103361 104295
38 52 14561 609 103450 104295
38 52 14562 610 103425 104295
38 52 14563 611 103417 104295
38 52 14564 612 103479 104295
38 52 14565 613 103378 104295
38 52 14566 614 103374 104295
38 52 14567 615 103349 104295
38 52 14568 616 103374 104295
38 52 14569 617 103383 104295
38 52 14570 618 103330 104295
38 52 14571 619 103351 104295
38 52 14572 620 103436 104295
38 52 14573 621 103411 104295
38 52 14574 622 103385 104295
38 52 14575 623 103273 104295
38 52 14576 624 103309 104295
38 52 14577 625 103283 104295
38 52 14578 626 103268 104295
38 52 14579 627 103318 104295
38 52 14580 628 103320 104295
38 52 14581 629 103342 104295
38 52 14582 630 103339 104295
38 52 14583 631 103354 104295
38 52 14584 632 103361 104295
38 52 14585 633 103351 104295
38 52 14586 634 103270 104295
38 52 14587 635 103312 104295
38 52 14588 636 103295 104295
38 52 14589 637 103332 104295
38 52 14590 638 103355 104295
38 52 14591 639 103340 104295
38 52 14592 640 103375 104295
38 52 14593 641 103444 104295
38 52 14594 642 103469 104295
38 52 14595 643 103506 104295
38 52 14596 644 103526 104295
38 52 14597 645 103535 104295
38 52 14598 646 103508 104295
38 52 14599 647 103500 104295
38 52 14600 648 103471 104295
38 52 14601 649 103491 104295
38 52 14602 650 103553 104295
38 52 14603 651 103523 104295
38 52 14604 652 103476 104295
38 52 14605 653 103492 104295
38 52 14606 654 103433 104295
38 52 14607 655 103332 104295
38 52 14608 656 103263 104295
38 52 14609 657 103236 104295
38 52 14610 658 103175 104295
38 52 14611 659 103196 104295
38 52 14612 660 103115 104295
38 52 14613 661 103044 104295
38 52 14614 662 103061 104295
38 52 14615 663 103096 104295
38 52 14616 664 103126 104295
38 52 14617 665 103163 104295
38 52 14618 666 103157 104295
38 52 14619 667 103182 104295
38 52 14620 668 103182 104295
38 52 14621 669 103175 104295
38 52 14622 670 103138 104295
38 52 14623 671 103108 104295
38 52 14624 672 103123 104295
38 52 14625 673 103254 104295
38 52 14626 674 103242 104295
38 52 14627 675 103113 104295
38 52 14628 676 103090 104295
38 52 14629 677 103147 104295
38 52 14630 678 103053 104295
38 52 14631 679 102989 104295
38 52 14632 680 102980 104295
38 52 14633 681 103028 104295
38 52 14634 682 103037 104295
38 52 14635 683 103048 104295
38 52 14636 684 103043 104295
38 52 14637 685 103125 104295
38 52 14638 686 103156 104295
38 52 14639 687 103268 104295
38 52 14640 688 103286 104295
38 52 14641 689 103379 104295
38 52 14642 690 103395 104295
38 52 14643 691 103355 104295
38 52 14644 692 103399 104295
38 52 14645 693 103318 104295
38 52 14646 694 103317 104295
38 52 14647 695 103310 104295
38 52 14648 696 103362 104295
38 52 14649 697 103382 104295
38 52 14650 698 103483 104295
38 52 14651 699 103527 104295
38 52 14652 700 103556 104295
38 52 14653 701 103541 104295
38 52 14654 702 103574 104295
38 52 14655 703 103560 104295
38 52 14656 704 103632 104295
38 52 14657 705 103636 104295
38 52 14658 706 103640 104295
38 52 14659 707 103670 104295
38 52 14660 708 103664 104295
38 52 14661 709 103695 104295
38 52 14662 710 103708 104295
38 52 14663 711 103631 104295
38 52 14664 712 103682 104295
38 52 14665 713 103672 104295
38 52 14666 714 103777 104295
38 52 14667 715 103791 104295
38 52 14668 716 103736 104295
38 52 14669 717 103767 104295
38 52 14670 718 103787 104295
38 52 14671 719 103776 104295
38 52 14672 720 103727 104295
38 52 14673 721 103697 104295
38 52 14674 722 103627 104295
38 52 14675 723 103686 104295
38 52 14676 724 103640 104295
38 52 14677 725 103608 104295
38 52 14678 726 103688 104295
38 52 14679 727 103655 104295
38 52 14680 728 103736 104295
38 52 14681 729 103787 104295
38 52 14682 730 103731 104295
38 52 14683 731 103719 104295
38 52 14684 732 103712 104295
38 52 14685 733 103766 104295
38 52 14686 734 103766 104295
38 52 14687 735 103804 104295
38 52 14688 736 103732 104295
38 52 14689 737 103683 104295
38 52 14690 738 103730 104295
38 52 14691 739 103628 104295
38 52 14692 740 103624 104295
38 52 14693 741 103619 104295
38 52 14694 742 103657 104295
38 52 14695 743 103642 104295
38 52 14696 744 103560 104295
38 52 14697 745 103604 104295
38 52 14698 746 103660 104295
38 52 14699 747 103700 104295
38 52 14700 748 103742 104295
38 52 14701 749 103708 104295
38 52 14702 750 103645 104295
38 52 14703 751 103621 104295
38 52 14704 752 103619 104295
38 52 14705 753 103570 104295
38 52 14706 754 103593 104295
38 52 14707 755 103583 104295
38 52 14708 756 103655 104295
38 52 14709 757 103600 104295
38 52 14710 758 103578 104295
38 52 14711 759 103552 104295
38 52 14712 760 103483 104295
38 52 14713 761 103425 104295
38 52 14714 762 103395 104295
38 52 14715 763 103356 104295
38 52 14716 764 103372 104295
38 52 14717 765 103344 104295
38 52 14718 766 103471 104295
38 52 14719 767 103436 104295
38 52 14720 768 103460 104295
38 52 14721 769 103519 104295
38 52 14722 770 103531 104295
38 52 14723 771 103460 104295
38 52 14724 772 103498 104295
38 52 14725 773 103523 104295
38 52 14726 774 103501 104295
38 52 14727 775 103654 104295
38 52 14728 776 103627 104295
38 52 14729 777 103656 104295
38 52 14730 778 103629 104295
38 52 14731 779 103563 104295
38 52 14732 780 103587 104295
38 52 14733 781 103586 104295
38 52 14734 782 103640 104295
38 52 14735 783 103655 104295
38 52 14736 784 103677 104295
38 52 14737 785 103645 104295
38 52 14738 786 103657 104295
38 52 14739 787 103606 104295
38 52 14740 788 103690 104295
38 52 14741 789 103640 104295
38 52 14742 790 103731 104295
38 52 14743 791 103797 104295
38 52 14744 792 103791 104295
38 52 14745 793 103776 104295
38 52 14746 794 103829 104295
38 52 14747 795 103825 104295
38 52 14748 796 103897 104295
38 52 14749 797 103934 104295
38 52 14750 798 103875 104295
38 52 14751 799 103782 104295
38 52 14752 800 103752 104295
38 52 14753 801 103708 104295
38 52 14754 802 103681 104295
38 52 14755 803 103588 104295
38 52 14756 804 103599 104295
38 52 14757 805 103560 104295
38 52 14758 806 103591 104295
38 52 14759 807 103628 104295
38 52 14760 808 103667 104295
38 52 14761 809 103760 104295
38 52 14762 810 103764 104295
38 52 14763 811 103762 104295
38 52 14764 812 103737 104295
38 52 14765 813 103793 104295
38 52 14766 814 103893 104295
38 52 14767 815 103924 104295
38 52 14768 816 103889 104295
38 52 14769 817 103931 104295
38 52 14770 818 103973 104295
38 52 14771 819 103974 104295
38 52 14772 820 103939 104295
38 52 14773 821 103843 104295
38 52 14774 822 103809 104295
38 52 14775 823 103739 104295
38 52 14776 824 103757 104295
38 52 14777 825 103796 104295
38 52 14778 826 103871 104295
38 52 14779 827 103762 104295
38 52 14780 828 103794 104295
38 52 14781 829 103795 104295
38 52 14782 830 103810 104295
38 52 14783 831 103849 104295
38 52 14784 832 103828 104295
38 52 14785 833 103793 104295
38 52 14786 834 103858 104295
38 52 14787 835 103863 104295
38 52 14788 836 103857 104295
38 52 14789 837 103819 104295
38 52 14790 838 103845 104295
38 52 14791 839 103805 104295
38 52 14792 840 103740 104295
38 52 14793 841 103751 104295
38 52 14794 842 103740 104295
38 52 14795 843 103702 104295
38 52 14796 844 103618 104295
38 52 14797 845 103603 104295
38 52 14798 846 103635 104295
38 52 14799 847 103541 104295
38 52 14800 848 103518 104295
38 52 14801 849 103476 104295
38 52 14802 850 103474 104295
38 52 14803 851 103474 104295
38 52 14804 852 103501 104295
38 52 14805 853 103463 104295
38 52 14806 854 103543 104295
38 52 14807 855 103586 104295
38 52 14808 856 103538 104295
38 52 14809 857 103464 104295
38 52 14810 858 103477 104295
38 52 14811 859 103381 104295
38 52 14812 860 103391 104295
38 52 14813 861 103394 104295
38 52 14814 862 103382 104295
38 52 14815 863 103486 104295
38 52 14816 864 103536 104295
38 52 14817 865 103538 104295
38 52 14818 866 103472 104295
38 52 14819 867 103485 104295
38 52 14820 868 103423 104295
38 52 14821 869 103416 104295
38 52 14822 870 103396 104295
38 52 14823 871 103363 104295
38 52 14824 872 103477 104295
38 52 14825 873 103521 104295
38 52 14826 874 103572 104295
38 52 14827 875 103671 104295
38 52 14828 876 103750 104295
38 52 14829 877 103637 104295
38 52 14830 878 103584 104295
38 52 14831 879 103548 104295
38 52 14832 880 103578 104295
38 52 14833 881 103545 104295
38 52 14834 882 103491 104295
38 52 14835 883 103546 104295
38 52 14836 884 103540 104295
38 52 14837 885 103589 104295
38 52 14838 886 103690 104295
38 52 14839 887 103673 104295
38 52 14840 888 103608 104295
38 52 14841 889 103502 104295
38 52 14842 890 103474 104295
38 52 14843 891 103520 104295
38 52 14844 892 103614 104295
38 52 14845 893 103573 104295
38 52 14846 894 103537 104295
38 52 14847 895 103453 104295
38 52 14848 896 103437 104295
38 52 14849 897 103455 104295
38 52 14850 898 103440 104295
38 52 14851 899 103465 104295
38 52 14852 900 103413 104295
38 52 14853 901 103368 104295
38 52 14854 902 103394 104295
38 52 14855 903 103332 104295
38 52 14856 904 103372 104295
38 52 14857 905 103380 104295
38 52 14858 906 103431 104295
38 52 14859 907 103447 104295
38 52 14860 908 103449 104295
38 52 14861 909 103524 104295
38 52 14862 910 103577 104295
38 52 14863 911 103510 104295
38 52 14864 912 103413 104295
38 52 14865 913 103453 104295
38 52 14866 914 103439 104295
38 52 14867 915 103477 104295
38 52 14868 916 103440 104295
38 52 14869 917 103515 104295
38 52 14870 918 103574 104295
38 52 14871 919 103544 104295
38 52 14872 920 103402 104295
38 52 14873 921 103430 104295
38 52 14874 922 103390 104295
38 52 14875 923 103336 104295
38 52 14876 924 103312 104295
38 52 14877 925 103284 104295
38 52 14878 926 103282 104295
38 52 14879 927 103319 104295
38 52 14880 928 103405 104295
38 52 14881 929 103435 104295
38 52 14882 930 103489 104295
38 52 14883 931 103509 104295
38 52 14884 932 103468 104295
38 52 14885 933 103509 104295
38 52 14886 934 103476 104295
38 52 14887 935 103494 104295
38 52 14888 936 103430 104295
38 52 14889 937 103473 104295
38 52 14890 938 103432 104295
38 52 14891 939 103457 104295
38 52 14892 940 103427 104295
38 52 14893 941 103449 104295
38 52 14894 942 103507 104295
38 52 14895 943 103460 104295
38 52 14896 944 103415 104295
38 52 14897 945 103456 104295
38 52 14898 946 103434 104295
38 52 14899 947 103402 104295
38 52 14900 948 103362 104295
38 52 14901 949 103391 104295
38 52 14902 950 103399 104295
38 52 14903 951 103389 104295
38 52 14904 952 103350 104295
38 52 14905 953 103330 104295
38 52 14906 954 103302 104295
38 52 14907 955 103270 104295
38 52 14908 956 103285 104295
38 52 14909 957 103359 104295
38 52 14910 958 103425 104295
38 52 14911 959 103360 104295
38 52 14912 960 103359 104295
38 52 14913 961 103382 104295
38 52 14914 962 103318 104295
38 52 14915 963 103330 104295
38 52 14916 964 103356 104295
38 52 14917 965 103357 104295
38 52 14918 966 103385 104295
38 52 14919 967 103391 104295
38 52 14920 968 103404 104295
38 52 14921 969 103441 104295
38 52 14922 970 103380 104295
38 52 14923 971 103302 104295
38 52 14924 972 103384 104295
38 52 14925 973 103336 104295
38 52 14926 974 103337 104295
38 52 14927 975 103322 104295
38 52 14928 976 103371 104295
38 52 14929 977 103360 104295
38 52 14930 978 103323 104295
38 52 14931 979 103326 104295
38 52 14932 980 103421 104295
38 52 14933 981 103422 104295
38 52 14934 982 103523 104295
38 52 14935 983 103544 104295
38 52 14936 984 103473 104295
38 52 14937 985 103460 104295
38 52 14938 986 103433 104295
38 52 14939 987 103384 104295
38 52 14940 988 103417 104295
38 52 14941 989 103416 104295
38 52 14942 990 103330 104295
38 52 14943 991 103349 104295
38 52 14944 992 103332 104295
38 52 14945 993 103355 104295
38 52 14946 994 103323 104295
38 52 14947 995 103357 104295
38 52 14948 996 103340 104295
38 52 14949 997 103398 104295
38 52 14950 998 103466 104295
38 52 14951 999 103352 104295
38 52 14952 1000 103442 104295
38 52 14953 1001 103497 104295
38 52 14954 1002 103412 104295
38 52 14955 1003 103433 104295
38 52 14956 1004 103433 104295
38 52 14957 1005 103456 104295
38 52 14958 1006 103377 104295
38 52 14959 1007 103393 104295
38 52 14960 1008 103407 104295
38 52 14961 1009 103507 104295
38 52 14962 1010 103481 104295
38 52 14963 1011 103396 104295
38 52 14964 1012 103374 104295
38 52 14965 1013 103323 104295
38 52 14966 1014 103257 104295
38 52 14967 1015 103283 104295
38 52 14968 1016 103289 104295
38 52 14969 1017 103302 104295
38 52 14970 1018 103283 104295
38 52 14971 1019 103186 104295
38 52 14972 1020 103156 104295
38 52 14973 1021 103199 104295
38 52 14974 1022 103218 104295
38 52 14975 1023 103218 104295
38 52 14976 1024 103178 104295
38 52 14977 1025 103151 104295
38 52 14978 1026 103209 104295
38 52 14979 1027 103184 104295
38 52 14980 1028 103206 104295
38 52 14981 1029 103198 104295
38 52 14982 1030 103191 104295
38 52 14983 1031 103210 104295
38 52 14984 1032 103233 104295
38 52 14985 1033 103261 104295
38 52 14986 1034 103240 104295
38 52 14987 1035 103220 104295
38 52 14988 1036 103243 104295
38 52 14989 1037 103252 104295
38 52 14990 1038 103263 104295
38 52 14991 1039 103233 104295
38 52 14992 1040 103209 104295
38 52 14993 1041 103240 104295
38 52 14994 1042 103272 104295
38 52 14995 1043 103258 104295
38 52 14996 1044 103269 104295
38 52 14997 1045 103373 104295
38 52 14998 1046 103363 104295
38 52 14999 1047 103364 104295
38 52 15000 1048 103345 104295
38 52 15001 1049 103242 104295
38 52 15002 1050 103231 104295
38 52 15003 1051 103283 104295
38 52 15004 1052 103273 104295
38 52 15005 1053 103312 104295
38 52 15006 1054 103341 104295
38 52 15007 1055 103461 104295
38 52 15008 1056 103455 104295
38 52 15009 1057 103456 104295
38 52 15010 1058 103464 104295
38 52 15011 1059 103531 104295
38 52 15012 1060 103527 104295
38 52 15013 1061 103582 104295
38 52 15014 1062 103585 104295
38 52 15015 1063 103583 104295
38 52 15016 1064 103567 104295
38 52 15017 1065 103563 104295
38 52 15018 1066 103580 104295
38 52 15019 1067 103664 104295
38 52 15020 1068 103598 104295
38 52 15021 1069 103737 104295
38 52 15022 1070 103741 104295
38 52 15023 1071 103811 104295
38 52 15024 1072 103761 104295
38 52 15025 1073 103774 104295
38 52 15026 1074 103827 104295
38 52 15027 1075 103906 104295
38 52 15028 1076 103932 104295
38 52 15029 1077 103963 104295
38 52 15030 1078 103976 104295
38 52 15031 1079 103939 104295
38 52 15032 1080 103896 104295
38 52 15033 1081 103906 104295
38 52 15034 1082 103875 104295
38 52 15035 1083 103882 104295
38 52 15036 1084 103961 104295
38 52 15037 1085 103908 104295
38 52 15038 1086 103970 104295
38 52 15039 1087 103964 104295
38 52 15040 1088 103944 104295
38 52 15041 1089 104018 104295
38 52 15042 1090 104034 104295
38 52 15043 1091 104057 104295
38 52 15044 1092 103958 104295
38 52 15045 1093 103989 104295
38 52 15046 1094 104039 104295
38 52 15047 1095 104030 104295
38 52 15048 1096 104027 104295
38 52 15049 1097 103981 104295
38 52 15050 1098 104017 104295
38 52 15051 1099 104064 104295
38 52 15052 1100 104089 104295
38 52 15053 1101 104113 104295
38 52 15054 1102 104098 104295
38 52 15055 1103 104228 104295
38 52 15056 1104 104270 104295
38 52 15057 1105 104265 104295
38 52 15058 1106 104264 104295
38 52 15059 1107 104292 104295
38 52 15060 1108 104332 104295
38 52 15061 1109 104377 104295
38 52 15062 1110 104393 104295
38 52 15063 1111 104460 104295
38 52 15064 1112 104374 104295
38 52 15065 1113 104323 104295
38 52 15066 1114 104227 104295
38 52 15067 1115 104208 104295
38 52 15068 1116 104247 104295
38 52 15069 1117 104286 104295
38 52 15070 1118 104252 104295
38 52 15071 1119 104232 104295
38 52 15072 1120 104273 104295
38 52 15073 1121 104228 104295
36 52 15074 1122 104260 104295
36 52 15075 1123 104156 104295
36 52 15076 1124 104244 104295
36 52 15077 1125 104260 104295
36 52 15078 1126 104287 104295
36 52 15079 1127 104240 104295
36 52 15080 1128 104231 104295
36 52 15081 1129 104194 104295
36 52 15082 1130 104219 104295
36 52 15083 1131 104285 104295
36 52 15084 1132 104249 104295
36 52 15085 1133 104224 104295
36 52 15086 1134 104263 104295
36 52 15087 1135 104333 104295
36 52 15088 1136 104384 104295
36 52 15089 1137 104502 104295
36 52 15090 1138 104533 104295
36 52 15091 1139 104596 104295
36 52 15092 1140 104554 104295
36 52 15093 1141 104562 104295
36 52 15094 1142 104613 104295
36 52 15095 1143 104586 104295
36 52 15096 1144 104615 104295
36 52 15097 1145 104663 104295
36 52 15098 1146 104697 104295
36 52 15099 1147 104736 104295
36 52 15100 1148 104759 104295
36 52 15101 1149 104721 104295
36 52 15102 1150 104675 104295
36 52 15103 1151 104631 104295
36 52 15104 1152 104669 104295
36 52 15105 1153 104707 104295
36 52 15106 1154 104720 104295
36 52 15107 1155 104695 104295
36 52 15108 1156 104638 104295
36 52 15109 1157 104622 104295
36 52 15110 1158 104620 104295
36 52 15111 1159 104608 104295
36 52 15112 1160 104576 104295
36 52 15113 1161 104623 104295
36 52 15114 1162 104661 104295
36 52 15115 1163 104635 104295
36 52 15116 1164 104618 104295
36 52 15117 1165 104638 104295
36 52 15118 1166 104652 104295
36 52 15119 1167 104658 104295
36 52 15120 1168 104675 104295
36 52 15121 1169 104654 104295
36 52 15122 1170 104782 104295
36 52 15123 1171 104866 104295
36 52 15124 1172 104890 104295
