37 51 13952 0 0 12109
37 51 13953 1 169.944 12109
37 51 13954 2 231.389 12109
37 51 13955 3 323.553 12109
37 51 13956 4 414.323 12109
37 51 13957 5 505.585 12109
37 51 13958 6 603.312 12109
37 51 13959 7 659.817 12109
37 51 13960 8 757.249 12109
37 51 13961 9 854.924 12109
37 51 13962 10 970.061 12109
37 51 13963 11 970.681 12109
37 51 13964 12 1069.88 12109
37 51 13965 13 1177.37 12109
37 51 13966 14 1316.38 12109
37 51 13967 15 1446.72 12109
37 51 13968 16 1473.19 12109
37 51 13969 17 1509.05 12109
37 51 13970 18 1654.88 12109
37 51 13971 19 1772.22 12109
37 51 13972 20 1842.11 12109
37 51 13973 21 1947.4 12109
37 51 13974 22 2054.41 12109
37 51 13975 23 2139.52 12109
37 51 13976 24 2255.04 12109
37 51 13977 25 2349.35 12109
37 51 13978 26 2552.05 12109
37 51 13979 27 2675.29 12109
37 51 13980 28 2758.94 12109
37 51 13981 29 2728.92 12109
37 51 13982 30 2867.04 12109
37 51 13983 31 2913.85 12109
37 51 13984 32 2943.25 12109
37 51 13985 33 2970.21 12109
37 51 13986 34 3054.83 12109
37 51 13987 35 3147.18 12109
37 51 13988 36 3246.03 12109
37 51 13989 37 3280.63 12109
37 51 13990 38 3386.55 12109
37 51 13991 39 3419.86 12109
37 51 13992 40 3492.51 12109
37 51 13993 41 3622.34 12109
37 51 13994 42 3650.39 12109
37 51 13995 43 3749.42 12109
37 51 13996 44 3798.97 12109
37 51 13997 45 3917.51 12109
37 51 13998 46 3986.2 12109
37 51 13999 47 4018.84 12109
37 51 14000 48 4120.84 12109
37 51 14001 49 4259.06 12109
37 51 14002 50 4380.52 12109
37 51 14003 51 4377.76 12109
37 51 14004 52 4498.56 12109
37 51 14005 53 4571.72 12109
37 51 14006 54 4684.06 12109
37 51 14007 55 4680.5 12109
37 51 14008 56 4777.13 12109
37 51 14009 57 4790.15 12109
37 51 14010 58 4873.43 12109
37 51 14011 59 4950.38 12109
37 51 14012 60 4959.66 12109
37 51 14013 61 4888.78 12109
37 51 14014 62 4927.06 12109
37 51 14015 63 4999.21 12109
37 51 14016 64 5069.61 12109
37 51 14017 65 5174.48 12109
37 51 14018 66 5268.79 12109
37 51 14019 67 5293.75 12109
37 51 14020 68 5295.1 12109
37 51 14021 69 5423.25 12109
37 51 14022 70 5494.04 12109
37 51 14023 71 5588.96 12109
37 51 14024 72 5637.19 12109
37 51 14025 73 5751.13 12109
37 51 14026 74 5823.89 12109
37 51 14027 75 5875.77 12109
37 51 14028 76 5919.74 12109
37 51 14029 77 5960.24 12109
37 51 14030 78 6016.78 12109
37 51 14031 79 6164.33 12109
37 51 14032 80 6161.72 12109
37 51 14033 81 6210.91 12109
37 51 14034 82 6214.48 12109
37 51 14035 83 6194.71 12109
37 51 14036 84 6237.67 12109
37 51 14037 85 6290.94 12109
37 51 14038 86 6417.21 12109
37 51 14039 87 6471.11 12109
37 51 14040 88 6513.02 12109
37 51 14041 89 6569.13 12109
37 51 14042 90 6587.56 12109
37 51 14043 91 6671.79 12109
37 51 14044 92 6680.28 12109
37 51 14045 93 6726.19 12109
37 51 14046 94 6718.06 12109
37 51 14047 95 6754.36 12109
37 51 14048 96 6779.28 12109
37 51 14049 97 6884.29 12109
37 51 14050 98 6946.04 12109
37 51 14051 99 7034.05 12109
37 51 14052 100 7099.2 12109
37 51 14053 101 7154.29 12109
37 51 14054 102 7211.76 12109
37 51 14055 103 7217.42 12109
37 51 14056 104 7289.47 12109
37 51 14057 105 7285.64 12109
37 51 14058 106 7295.8 12109
37 51 14059 107 7248.47 12109
37 51 14060 108 7206.57 12109
37 51 14061 109 7322.78 12109
37 51 14062 110 7336.35 12109
37 51 14063 111 7386.22 12109
37 51 14064 112 7445.04 12109
37 51 14065 113 7518.26 12109
37 51 14066 114 7527.71 12109
37 51 14067 115 7509.6 12109
37 51 14068 116 7576.19 12109
37 51 14069 117 7657.55 12109
37 51 14070 118 7783.27 12109
37 51 14071 119 7796.49 12109
37 51 14072 120 7861.58 12109
37 51 14073 121 7894.95 12109
37 51 14074 122 7881.5 12109
37 51 14075 123 7971.43 12109
37 51 14076 124 7888.69 12109
37 51 14077 125 7895.94 12109
37 51 14078 126 7923.38 12109
37 51 14079 127 7903.04 12109
37 51 14080 128 7925.74 12109
37 51 14081 129 7965.77 12109
37 51 14082 130 8022.86 12109
37 51 14083 131 7993.85 12109
37 51 14084 132 8048.97 12109
37 51 14085 133 8065.36 12109
37 51 14086 134 8156.52 12109
37 51 14087 135 8235.95 12109
37 51 14088 136 8183.53 12109
37 51 14089 137 8229.54 12109
37 51 14090 138 8290.25 12109
37 51 14091 139 8353.19 12109
37 51 14092 140 8399.39 12109
37 51 14093 141 8466.67 12109
37 51 14094 142 8417.89 12109
37 51 14095 143 8455.83 12109
37 51 14096 144 8437.35 12109
37 51 14097 145 8438.55 12109
37 51 14098 146 8439.23 12109
37 51 14099 147 8379.94 12109
37 51 14100 148 8323.65 12109
37 51 14101 149 8410.76 12109
37 51 14102 150 8446.68 12109
37 51 14103 151 8429.53 12109
37 51 14104 152 8463.07 12109
37 51 14105 153 8483.11 12109
37 51 14106 154 8475.8 12109
37 51 14107 155 8526.38 12109
37 51 14108 156 8441.08 12109
37 51 14109 157 8388.87 12109
37 51 14110 158 8417.13 12109
37 51 14111 159 8360.14 12109
37 51 14112 160 8347.1 12109
37 51 14113 161 8294.24 12109
37 51 14114 162 8209.07 12109
37 51 14115 163 8262.19 12109
37 51 14116 164 8266.79 12109
37 51 14117 165 8303.15 12109
37 51 14118 166 8351.3 12109
37 51 14119 167 8398.33 12109
37 51 14120 168 8390.53 12109
37 51 14121 169 8472.13 12109
37 51 14122 170 8489.48 12109
37 51 14123 171 8481.9 12109
37 51 14124 172 8507.61 12109
37 51 14125 173 8508.9 12109
37 51 14126 174 8404.32 12109
37 51 14127 175 8463.19 12109
37 51 14128 176 8498.3 12109
37 51 14129 177 8517.07 12109
37 51 14130 178 8609.15 12109
37 51 14131 179 8700.17 12109
37 51 14132 180 8737.79 12109
37 51 14133 181 8781.16 12109
37 51 14134 182 8848.72 12109
37 51 14135 183 8812.19 12109
37 51 14136 184 8858.22 12109
37 51 14137 185 8878.36 12109
37 51 14138 186 8830.49 12109
37 51 14139 187 8817.07 12109
37 51 14140 188 8845.8 12109
37 51 14141 189 8872.33 12109
37 51 14142 190 8927.86 12109
37 51 14143 191 8939.77 12109
37 51 14144 192 9001.36 12109
37 51 14145 193 8996.37 12109
37 51 14146 194 8951.76 12109
37 51 14147 195 8980.18 12109
37 51 14148 196 9107.41 12109
37 51 14149 197 9101.75 12109
37 51 14150 198 9102.96 12109
37 51 14151 199 9092.61 12109
37 51 14152 200 9138.84 12109
37 51 14153 201 9155.19 12109
37 51 14154 202 9120.74 12109
37 51 14155 203 9157.62 12109
37 51 14156 204 9221.91 12109
37 51 14157 205 9186.16 12109
37 51 14158 206 9156.8 12109
37 51 14159 207 9158.54 12109
37 51 14160 208 9168.82 12109
37 51 14161 209 9151.87 12109
37 51 14162 210 9205.18 12109
37 51 14163 211 9233.83 12109
37 51 14164 212 9353.57 12109
37 51 14165 213 9324.33 12109
37 51 14166 214 9291.85 12109
37 51 14167 215 9378.98 12109
37 51 14168 216 9366.91 12109
37 51 14169 217 9425.05 12109
37 51 14170 218 9450.61 12109
37 51 14171 219 9478.98 12109
37 51 14172 220 9535.77 12109
37 51 14173 221 9542.73 12109
37 51 14174 222 9583.33 12109
37 51 14175 223 9653.11 12109
37 51 14176 224 9627.81 12109
37 51 14177 225 9551.89 12109
37 51 14178 226 9562.66 12109
37 51 14179 227 9561.01 12109
37 51 14180 228 9605.84 12109
37 51 14181 229 9574.99 12109
37 51 14182 230 9644.77 12109
37 51 14183 231 9641.32 12109
37 51 14184 232 9700.85 12109
37 51 14185 233 9743.28 12109
37 51 14186 234 9682.34 12109
37 51 14187 235 9631.68 12109
37 51 14188 236 9610.52 12109
37 51 14189 237 9599.85 12109
37 51 14190 238 9657.56 12109
37 51 14191 239 9705.13 12109
37 51 14192 240 9788.7 12109
37 51 14193 241 9773.87 12109
37 51 14194 242 9832.21 12109
37 51 14195 243 9796.79 12109
37 51 14196 244 9820.97 12109
37 51 14197 245 9853.61 12109
37 51 14198 246 9894.63 12109
37 51 14199 247 9879.09 12109
37 51 14200 248 9850.03 12109
37 51 14201 249 9896.1 12109
37 51 14202 250 9991.85 12109
37 51 14203 251 10039.6 12109
37 51 14204 252 10118.6 12109
37 51 14205 253 10137.6 12109
37 51 14206 254 10113.8 12109
37 51 14207 255 10126.7 12109
37 51 14208 256 10139.4 12109
37 51 14209 257 10085.1 12109
37 51 14210 258 10141.4 12109
37 51 14211 259 10158.3 12109
37 51 14212 260 10123.4 12109
37 51 14213 261 10111 12109
37 51 14214 262 10159.3 12109
37 51 14215 263 10204.2 12109
37 51 14216 264 10241.6 12109
37 51 14217 265 10340.4 12109
37 51 14218 266 10337.5 12109
37 51 14219 267 10397.3 12109
37 51 14220 268 10433.6 12109
37 51 14221 269 10303.9 12109
37 51 14222 270 10261.9 12109
37 51 14223 271 10320.2 12109
37 51 14224 272 10387.1 12109
37 51 14225 273 10404.4 12109
37 51 14226 274 10405.4 12109
37 51 14227 275 10384.9 12109
37 51 14228 276 10443.2 12109
37 51 14229 277 10495.8 12109
37 51 14230 278 10523.4 12109
37 51 14231 279 10604.2 12109
37 51 14232 280 10648.4 12109
37 51 14233 281 10681.1 12109
37 51 14234 282 10663.5 12109
37 51 14235 283 10651.3 12109
37 51 14236 284 10728.4 12109
37 51 14237 285 10796.5 12109
37 51 14238 286 10804.8 12109
37 51 14239 287 10755.7 12109
37 51 14240 288 10692.1 12109
37 51 14241 289 10698.5 12109
37 51 14242 290 10698 12109
37 51 14243 291 10763.1 12109
37 51 14244 292 10859.4 12109
37 51 14245 293 10882.5 12109
37 51 14246 294 10974.6 12109
37 51 14247 295 10968.6 12109
37 51 14248 296 10894.1 12109
37 51 14249 297 10883.6 12109
37 51 14250 298 10833.9 12109
37 51 14251 299 10786.3 12109
37 51 14252 300 10784.4 12109
37 51 14253 301 10830.1 12109
37 51 14254 302 10869.6 12109
37 51 14255 303 10870.4 12109
37 51 14256 304 10901 12109
37 51 14257 305 10905.1 12109
37 51 14258 306 10902.6 12109
37 51 14259 307 10958.5 12109
37 51 14260 308 10941.6 12109
37 51 14261 309 10964.3 12109
37 51 14262 310 10969.4 12109
37 51 14263 311 11064.1 12109
37 51 14264 312 11066.8 12109
37 51 14265 313 11072.9 12109
37 51 14266 314 11055 12109
37 51 14267 315 11061.7 12109
37 51 14268 316 11147.9 12109
37 51 14269 317 11190.2 12109
37 51 14270 318 11259.4 12109
37 51 14271 319 11314.5 12109
37 51 14272 320 11270.8 12109
37 51 14273 321 11235.2 12109
37 51 14274 322 11269 12109
37 51 14275 323 11231.8 12109
37 51 14276 324 11238.3 12109
37 51 14277 325 11252 12109
37 51 14278 326 11262.1 12109
37 51 14279 327 11266 12109
37 51 14280 328 11366.1 12109
37 51 14281 329 11396.2 12109
37 51 14282 330 11357.1 12109
37 51 14283 331 11403.1 12109
37 51 14284 332 11387.8 12109
37 51 14285 333 11272 12109
37 51 14286 334 11286.7 12109
37 51 14287 335 11229.6 12109
37 51 14288 336 11206.6 12109
37 51 14289 337 11218.9 12109
37 51 14290 338 11282.5 12109
37 51 14291 339 11350.9 12109
37 51 14292 340 11330.5 12109
37 51 14293 341 11357.4 12109
37 51 14294 342 11309.7 12109
37 51 14295 343 11210.3 12109
37 51 14296 344 11154.4 12109
37 51 14297 345 11132.6 12109
37 51 14298 346 11161.6 12109
37 51 14299 347 11217.8 12109
37 51 14300 348 11219.2 12109
37 51 14301 349 11181.3 12109
37 51 14302 350 11236.8 12109
37 51 14303 351 11236.2 12109
37 51 14304 352 11296.1 12109
37 51 14305 353 11303.7 12109
37 51 14306 354 11302.9 12109
37 51 14307 355 11357.8 12109
37 51 14308 356 11373.2 12109
37 51 14309 357 11371.8 12109
37 51 14310 358 11338.8 12109
37 51 14311 359 11415.2 12109
37 51 14312 360 11506.7 12109
37 51 14313 361 11516.4 12109
37 51 14314 362 11497.7 12109
37 51 14315 363 11494.6 12109
37 51 14316 364 11465.1 12109
37 51 14317 365 11523.4 12109
37 51 14318 366 11526.1 12109
37 51 14319 367 11573.9 12109
37 51 14320 368 11510.3 12109
37 51 14321 369 11514 12109
37 51 14322 370 11617.9 12109
37 51 14323 371 11584.4 12109
37 51 14324 372 11585 12109
37 51 14325 373 11617 12109
37 51 14326 374 11634.5 12109
37 51 14327 375 11746.3 12109
37 51 14328 376 11699.4 12109
37 51 14329 377 11736.4 12109
37 51 14330 378 11765.5 12109
37 51 14331 379 11711.5 12109
37 51 14332 380 11740.3 12109
37 51 14333 381 11761.2 12109
37 51 14334 382 11806.1 12109
37 51 14335 383 11901.1 12109
37 51 14336 384 11892 12109
37 51 14337 385 12005.5 12109
37 51 14338 386 11987.6 12109
37 51 14339 387 12065.8 12109
37 51 14340 388 11988.7 12109
37 51 14341 389 11964.2 12109
37 51 14342 390 11997.4 12109
37 51 14343 391 12042.1 12109
37 51 14344 392 12023.8 12109
37 51 14345 393 12038.3 12109
37 51 14346 394 12006.9 12109
37 51 14347 395 12006.9 12109
37 51 14348 396 12086.8 12109
37 51 14349 397 12091 12109
37 51 14350 398 12058.9 12109
37 51 14351 399 12014.9 12109
37 51 14352 400 11957 12109
37 51 14353 401 12027.8 12109
37 51 14354 402 12044.7 12109
37 51 14355 403 12076.7 12109
37 51 14356 404 12093.1 12109
37 51 14357 405 12121.4 12109
37 51 14358 406 12165.8 12109
37 51 14359 407 12152.8 12109
37 51 14360 408 12186.9 12109
37 51 14361 409 12277.8 12109
37 51 14362 410 12322.5 12109
37 51 14363 411 12357.8 12109
37 51 14364 412 12364.4 12109
37 51 14365 413 12324.3 12109
37 51 14366 414 12205.8 12109
37 51 14367 415 12114.1 12109
37 51 14368 416 12118.9 12109
37 51 14369 417 12167.8 12109
37 51 14370 418 12151.9 12109
37 51 14371 419 12180.9 12109
37 51 14372 420 12228.8 12109
37 51 14373 421 12222.6 12109
37 51 14374 422 12185.8 12109
37 51 14375 423 12127.3 12109
37 51 14376 424 12112.7 12109
37 51 14377 425 12141.2 12109
37 51 14378 426 12220.4 12109
37 51 14379 427 12217.3 12109
37 51 14380 428 12343.7 12109
37 51 14381 429 12309.3 12109
37 51 14382 430 12305.2 12109
37 51 14383 431 12278.7 12109
37 51 14384 432 12316.8 12109
37 51 14385 433 12316.8 12109
37 51 14386 434 12268.7 12109
37 51 14387 435 12276.6 12109
37 51 14388 436 12241.8 12109
37 51 14389 437 12289.4 12109
37 51 14390 438 12317.9 12109
37 51 14391 439 12306.9 12109
37 51 14392 440 12272.7 12109
37 51 14393 441 12234.4 12109
37 51 14394 442 12292.4 12109
37 51 14395 443 12298.1 12109
37 51 14396 444 12250.9 12109
37 51 14397 445 12239.4 12109
37 51 14398 446 12242.3 12109
37 51 14399 447 12193.5 12109
37 51 14400 448 12198.3 12109
37 51 14401 449 12160.6 12109
37 51 14402 450 12123.2 12109
37 51 14403 451 12192.3 12109
37 51 14404 452 12234.7 12109
37 51 14405 453 12353 12109
37 51 14406 454 12380.3 12109
37 51 14407 455 12395.4 12109
37 51 14408 456 12465.9 12109
37 51 14409 457 12503.8 12109
37 51 14410 458 12458.6 12109
37 51 14411 459 12458 12109
37 51 14412 460 12539.9 12109
37 51 14413 461 12554.4 12109
37 51 14414 462 12571.7 12109
37 51 14415 463 12571.8 12109
37 51 14416 464 12573.4 12109
37 51 14417 465 12635.6 12109
37 51 14418 466 12582.5 12109
37 51 14419 467 12651.9 12109
37 51 14420 468 12610.4 12109
37 51 14421 469 12645.6 12109
37 51 14422 470 12625.9 12109
37 51 14423 471 12561 12109
37 51 14424 472 12514.2 12109
37 51 14425 473 12530.4 12109
37 51 14426 474 12595.5 12109
37 51 14427 475 12641.9 12109
37 51 14428 476 12678.2 12109
37 51 14429 477 12748 12109
37 51 14430 478 12883.6 12109
37 51 14431 479 12866.6 12109
37 51 14432 480 12847.8 12109
37 51 14433 481 12857.2 12109
37 51 14434 482 12844 12109
37 51 14435 483 12839.5 12109
37 51 14436 484 12774.1 12109
37 51 14437 485 12700.9 12109
37 51 14438 486 12611.7 12109
37 51 14439 487 12610.3 12109
37 51 14440 488 12569 12109
37 51 14441 489 12530.5 12109
37 51 14442 490 12531.9 12109
37 51 14443 491 12448.7 12109
37 51 14444 492 12427.9 12109
37 51 14445 493 12428.2 12109
37 51 14446 494 12465.6 12109
37 51 14447 495 12513.6 12109
37 51 14448 496 12469.8 12109
37 51 14449 497 12464.4 12109
37 51 14450 498 12459.6 12109
37 51 14451 499 12515.7 12109
37 51 14452 500 12508.8 12109
37 51 14453 501 12464.1 12109
37 51 14454 502 12442.4 12109
37 51 14455 503 12435.3 12109
37 51 14456 504 12378.5 12109
37 51 14457 505 12372.6 12109
37 51 14458 506 12281.1 12109
37 51 14459 507 12331.2 12109
37 51 14460 508 12345.7 12109
37 51 14461 509 12321.1 12109
37 51 14462 510 12310.5 12109
37 51 14463 511 12300.3 12109
37 51 14464 512 12373.1 12109
37 51 14465 513 12346.2 12109
37 51 14466 514 12311.7 12109
37 51 14467 515 12313.7 12109
37 51 14468 516 12332.3 12109
37 51 14469 517 12314.2 12109
37 51 14470 518 12312 12109
37 51 14471 519 12297 12109
37 51 14472 520 12330.5 12109
37 51 14473 521 12346.3 12109
37 51 14474 522 12304.4 12109
37 51 14475 523 12281.7 12109
37 51 14476 524 12212.7 12109
37 51 14477 525 12191.4 12109
37 51 14478 526 12238 12109
37 51 14479 527 12192.7 12109
37 51 14480 528 12227.2 12109
37 51 14481 529 12220.1 12109
37 51 14482 530 12232.2 12109
37 51 14483 531 12276.7 12109
37 51 14484 532 12301 12109
37 51 14485 533 12439.1 12109
37 51 14486 534 12361.4 12109
37 51 14487 535 12348.5 12109
37 51 14488 536 12261.2 12109
37 51 14489 537 12347.2 12109
37 51 14490 538 12376.4 12109
37 51 14491 539 12406.1 12109
37 51 14492 540 12359.9 12109
37 51 14493 541 12327.6 12109
37 51 14494 542 12256.5 12109
37 51 14495 543 12219.9 12109
37 51 14496 544 12276.7 12109
37 51 14497 545 12280.9 12109
37 51 14498 546 12249.8 12109
37 51 14499 547 12251.4 12109
37 51 14500 548 12225.8 12109
37 51 14501 549 12217.6 12109
37 51 14502 550 12242.3 12109
37 51 14503 551 12195.9 12109
37 51 14504 552 12150.5 12109
37 51 14505 553 12187.8 12109
37 51 14506 554 12148 12109
37 51 14507 555 12241.4 12109
37 51 14508 556 12239.1 12109
37 51 14509 557 12304.6 12109
37 51 14510 558 12337.8 12109
37 51 14511 559 12377.4 12109
37 51 14512 560 12320.9 12109
37 51 14513 561 12313.9 12109
37 51 14514 562 12236.7 12109
37 51 14515 563 12258.7 12109
37 51 14516 564 12197.7 12109
37 51 14517 565 12103.3 12109
37 51 14518 566 12130.1 12109
37 51 14519 567 12036.8 12109
37 51 14520 568 12001.3 12109
37 51 14521 569 11974 12109
37 51 14522 570 11990.4 12109
37 51 14523 571 12064.9 12109
37 51 14524 572 12048.6 12109
37 51 14525 573 12068 12109
37 51 14526 574 12081.3 12109
37 51 14527 575 12192.4 12109
37 51 14528 576 12232 12109
37 51 14529 577 12241.9 12109
37 51 14530 578 12291 12109
37 51 14531 579 12375.5 12109
37 51 14532 580 12409.8 12109
37 51 14533 581 12422.1 12109
37 51 14534 582 12501.5 12109
37 51 14535 583 12589.3 12109
37 51 14536 584 12610.6 12109
37 51 14537 585 12626.2 12109
37 51 14538 586 12620.7 12109
37 51 14539 587 12646.4 12109
37 51 14540 588 12595.8 12109
37 51 14541 589 12641.8 12109
37 51 14542 590 12651.8 12109
37 51 14543 591 12583 12109
37 51 14544 592 12654.4 12109
37 51 14545 593 12691.3 12109
37 51 14546 594 12688.2 12109
37 51 14547 595 12629.5 12109
37 51 14548 596 12661.8 12109
37 51 14549 597 12677.8 12109
37 51 14550 598 12720.7 12109
37 51 14551 599 12697.2 12109
37 51 14552 600 12702.3 12109
37 51 14553 601 12577.3 12109
37 51 14554 602 12488.2 12109
37 51 14555 603 12379.2 12109
37 51 14556 604 12432.9 12109
37 51 14557 605 12399.7 12109
37 51 14558 606 12396.5 12109
37 51 14559 607 12413.6 12109
37 51 14560 608 12356.9 12109
37 51 14561 609 12390.2 12109
37 51 14562 610 12399.9 12109
37 51 14563 611 12381.9 12109
37 51 14564 612 12371.3 12109
37 51 14565 613 12337 12109
37 51 14566 614 12325.4 12109
37 51 14567 615 12359.8 12109
37 51 14568 616 12325 12109
37 51 14569 617 12263.1 12109
37 51 14570 618 12296.2 12109
37 51 14571 619 12344 12109
37 51 14572 620 12398 12109
37 51 14573 621 12313.6 12109
37 51 14574 622 12301.1 12109
37 51 14575 623 12286.7 12109
37 51 14576 624 12210.7 12109
37 51 14577 625 12241.9 12109
37 51 14578 626 12259.3 12109
37 51 14579 627 12304 12109
37 51 14580 628 12354.7 12109
37 51 14581 629 12338.8 12109
37 51 14582 630 12315.9 12109
37 51 14583 631 12351.3 12109
37 51 14584 632 12378.9 12109
37 51 14585 633 12335.6 12109
37 51 14586 634 12374.2 12109
37 51 14587 635 12411.7 12109
37 51 14588 636 12474.7 12109
37 51 14589 637 12467.3 12109
37 51 14590 638 12465.1 12109
37 51 14591 639 12505.8 12109
37 51 14592 640 12515.5 12109
37 51 14593 641 12493.9 12109
37 51 14594 642 12430.2 12109
37 51 14595 643 12437.7 12109
37 51 14596 644 12375.9 12109
37 51 14597 645 12305.2 12109
37 51 14598 646 12328.6 12109
37 51 14599 647 12317 12109
37 51 14600 648 12354.9 12109
37 51 14601 649 12394 12109
37 51 14602 650 12356.8 12109
37 51 14603 651 12419.1 12109
37 51 14604 652 12404.9 12109
37 51 14605 653 12424.8 12109
37 51 14606 654 12375.7 12109
37 51 14607 655 12385.1 12109
37 51 14608 656 12300.9 12109
37 51 14609 657 12241.3 12109
37 51 14610 658 12211.6 12109
37 51 14611 659 12206.6 12109
37 51 14612 660 12184.9 12109
37 51 14613 661 12222.9 12109
37 51 14614 662 12263.9 12109
37 51 14615 663 12246.8 12109
37 51 14616 664 12241.4 12109
37 51 14617 665 12244.3 12109
37 51 14618 666 12241.4 12109
37 51 14619 667 12188.5 12109
37 51 14620 668 12155.2 12109
37 51 14621 669 12159.5 12109
37 51 14622 670 12120.8 12109
37 51 14623 671 12116.6 12109
37 51 14624 672 12143.1 12109
37 51 14625 673 12089.8 12109
37 51 14626 674 12003.5 12109
37 51 14627 675 11952.8 12109
37 51 14628 676 11941 12109
37 51 14629 677 11986.2 12109
37 51 14630 678 11987 12109
37 51 14631 679 12000.6 12109
37 51 14632 680 11934.6 12109
37 51 14633 681 11960.2 12109
37 51 14634 682 11954.9 12109
37 51 14635 683 11940.1 12109
37 51 14636 684 11950.8 12109
37 51 14637 685 11955.8 12109
37 51 14638 686 11951.1 12109
37 51 14639 687 12019.5 12109
37 51 14640 688 12001.9 12109
37 51 14641 689 11943.2 12109
37 51 14642 690 11949.6 12109
37 51 14643 691 11904.5 12109
37 51 14644 692 11877.1 12109
37 51 14645 693 11946.4 12109
37 51 14646 694 12013.5 12109
37 51 14647 695 12063.3 12109
37 51 14648 696 11958.5 12109
37 51 14649 697 12009.1 12109
37 51 14650 698 12034.1 12109
37 51 14651 699 12051.5 12109
37 51 14652 700 11988.7 12109
37 51 14653 701 12049.6 12109
37 51 14654 702 12074.5 12109
37 51 14655 703 12085.3 12109
37 51 14656 704 12014.3 12109
37 51 14657 705 12099.6 12109
37 51 14658 706 12072.7 12109
37 51 14659 707 12115.7 12109
37 51 14660 708 12149.4 12109
37 51 14661 709 12123.9 12109
37 51 14662 710 12127.8 12109
37 51 14663 711 11977.9 12109
37 51 14664 712 11988.1 12109
37 51 14665 713 11968.6 12109
37 51 14666 714 11977.9 12109
37 51 14667 715 12017.8 12109
37 51 14668 716 12025.1 12109
37 51 14669 717 11970.8 12109
37 51 14670 718 11979 12109
37 51 14671 719 12034.2 12109
37 51 14672 720 12158.3 12109
37 51 14673 721 12108.6 12109
37 51 14674 722 12168.8 12109
37 51 14675 723 12146.4 12109
37 51 14676 724 12076.4 12109
37 51 14677 725 12061.2 12109
37 51 14678 726 12014.8 12109
37 51 14679 727 12094.7 12109
37 51 14680 728 12108.8 12109
37 51 14681 729 12085.5 12109
37 51 14682 730 12107.1 12109
37 51 14683 731 12173 12109
37 51 14684 732 12126.1 12109
37 51 14685 733 12109.7 12109
37 51 14686 734 12043.3 12109
37 51 14687 735 12067.7 12109
37 51 14688 736 12011.5 12109
37 51 14689 737 12004.4 12109
37 51 14690 738 11978.2 12109
37 51 14691 739 11959.5 12109
37 51 14692 740 11953.9 12109
37 51 14693 741 12016.5 12109
37 51 14694 742 11963.4 12109
37 51 14695 743 11987.8 12109
37 51 14696 744 11853.2 12109
37 51 14697 745 11800.2 12109
37 51 14698 746 11758.3 12109
37 51 14699 747 11748.8 12109
37 51 14700 748 11658.2 12109
37 51 14701 749 11708.9 12109
37 51 14702 750 11721.5 12109
37 51 14703 751 11671.5 12109
37 51 14704 752 11584.3 12109
37 51 14705 753 11649 12109
37 51 14706 754 11634 12109
37 51 14707 755 11611.6 12109
37 51 14708 756 11605 12109
37 51 14709 757 11534.6 12109
37 51 14710 758 11603.3 12109
37 51 14711 759 11551.6 12109
37 51 14712 760 11506.6 12109
37 51 14713 761 11587.3 12109
37 51 14714 762 11626.3 12109
37 51 14715 763 11630.5 12109
37 51 14716 764 11569.3 12109
37 51 14717 765 11493.4 12109
37 51 14718 766 11517.5 12109
37 51 14719 767 11485.4 12109
37 51 14720 768 11481.8 12109
37 51 14721 769 11466.8 12109
37 51 14722 770 11508.4 12109
37 51 14723 771 11579.4 12109
37 51 14724 772 11594.1 12109
37 51 14725 773 11594.2 12109
37 51 14726 774 11690.9 12109
37 51 14727 775 11657.5 12109
37 51 14728 776 11552 12109
37 51 14729 777 11511.1 12109
37 51 14730 778 11459.9 12109
37 51 14731 779 11496.2 12109
37 51 14732 780 11583.3 12109
37 51 14733 781 11562 12109
37 51 14734 782 11579.9 12109
37 51 14735 783 11549.9 12109
37 51 14736 784 11535.2 12109
37 51 14737 785 11494.3 12109
37 51 14738 786 11462.4 12109
37 51 14739 787 11549.9 12109
37 51 14740 788 11542.8 12109
37 51 14741 789 11587.8 12109
37 51 14742 790 11572.4 12109
37 51 14743 791 11541.9 12109
37 51 14744 792 11546.2 12109
37 51 14745 793 11593.1 12109
37 51 14746 794 11572.9 12109
37 51 14747 795 11501.8 12109
37 51 14748 796 11445.3 12109
37 51 14749 797 11485.8 12109
37 51 14750 798 11474.1 12109
37 51 14751 799 11433.7 12109
37 51 14752 800 11409.4 12109
37 51 14753 801 11417.6 12109
37 51 14754 802 11446.9 12109
37 51 14755 803 11477.8 12109
37 51 14756 804 11527.1 12109
37 51 14757 805 11524.1 12109
37 51 14758 806 11494.9 12109
37 51 14759 807 11447 12109
37 51 14760 808 11457.9 12109
37 51 14761 809 11382.1 12109
37 51 14762 810 11338.2 12109
37 51 14763 811 11357.4 12109
37 51 14764 812 11363.3 12109
37 51 14765 813 11392.6 12109
37 51 14766 814 11410.6 12109
37 51 14767 815 11520.4 12109
37 51 14768 816 11523.2 12109
37 51 14769 817 11501.5 12109
37 51 14770 818 11479.9 12109
37 51 14771 819 11445.1 12109
37 51 14772 820 11423.5 12109
37 51 14773 821 11500.1 12109
37 51 14774 822 11501.5 12109
37 51 14775 823 11534.1 12109
37 51 14776 824 11512.1 12109
37 51 14777 825 11483.9 12109
37 51 14778 826 11545 12109
37 51 14779 827 11502.2 12109
37 51 14780 828 11456 12109
37 51 14781 829 11389.4 12109
37 51 14782 830 11412.6 12109
37 51 14783 831 11432.6 12109
37 51 14784 832 11409.4 12109
37 51 14785 833 11414.7 12109
37 51 14786 834 11462 12109
37 51 14787 835 11478 12109
37 51 14788 836 11403.3 12109
37 51 14789 837 11391.1 12109
37 51 14790 838 11406.1 12109
37 51 14791 839 11434 12109
37 51 14792 840 11472.2 12109
37 51 14793 841 11464.8 12109
37 51 14794 842 11449.7 12109
37 51 14795 843 11424.1 12109
37 51 14796 844 11343.5 12109
37 51 14797 845 11371.3 12109
37 51 14798 846 11414 12109
37 51 14799 847 11477.3 12109
37 51 14800 848 11483.9 12109
37 51 14801 849 11468.2 12109
37 51 14802 850 11519.2 12109
37 51 14803 851 11536.4 12109
37 51 14804 852 11575.2 12109
37 51 14805 853 11636.2 12109
37 51 14806 854 11714.4 12109
37 51 14807 855 11720.3 12109
37 51 14808 856 11598.7 12109
37 51 14809 857 11533.4 12109
37 51 14810 858 11499.8 12109
37 51 14811 859 11514.1 12109
37 51 14812 860 11440.8 12109
37 51 14813 861 11397 12109
37 51 14814 862 11500.7 12109
37 51 14815 863 11541.5 12109
37 51 14816 864 11573.8 12109
37 51 14817 865 11521.4 12109
37 51 14818 866 11603.6 12109
37 51 14819 867 11598.8 12109
37 51 14820 868 11660 12109
37 51 14821 869 11642.4 12109
37 51 14822 870 11633.7 12109
37 51 14823 871 11691.3 12109
37 51 14824 872 11698.9 12109
37 51 14825 873 11684.1 12109
37 51 14826 874 11674.9 12109
37 51 14827 875 11728.4 12109
37 51 14828 876 11718.9 12109
37 51 14829 877 11744.4 12109
37 51 14830 878 11667.2 12109
37 51 14831 879 11647.2 12109
37 51 14832 880 11741.9 12109
37 51 14833 881 11739.7 12109
37 51 14834 882 11681.3 12109
37 51 14835 883 11735.6 12109
37 51 14836 884 11746.8 12109
37 51 14837 885 11746.3 12109
37 51 14838 886 11796.4 12109
37 51 14839 887 11779 12109
37 51 14840 888 11937.2 12109
37 51 14841 889 11919 12109
37 51 14842 890 11949.9 12109
37 51 14843 891 11905.1 12109
37 51 14844 892 12008.8 12109
37 51 14845 893 12012.2 12109
37 51 14846 894 11947.2 12109
37 51 14847 895 11943.6 12109
37 51 14848 896 11936.3 12109
37 51 14849 897 11939.4 12109
37 51 14850 898 11932.4 12109
37 51 14851 899 12001.3 12109
37 51 14852 900 11972.8 12109
37 51 14853 901 11999.2 12109
37 51 14854 902 11977 12109
37 51 14855 903 12010.9 12109
37 51 14856 904 12014.2 12109
37 51 14857 905 11965.2 12109
37 51 14858 906 11931.1 12109
37 51 14859 907 11879.1 12109
37 51 14860 908 11965.3 12109
37 51 14861 909 11955.8 12109
37 51 14862 910 11911.5 12109
37 51 14863 911 11880.4 12109
37 51 14864 912 11858 12109
37 51 14865 913 11885.3 12109
37 51 14866 914 11872 12109
37 51 14867 915 11880.5 12109
37 51 14868 916 11820.7 12109
37 51 14869 917 11821.3 12109
37 51 14870 918 11816.2 12109
37 51 14871 919 11878.4 12109
37 51 14872 920 11873.1 12109
37 51 14873 921 11781.2 12109
37 51 14874 922 11778.8 12109
37 51 14875 923 11754.6 12109
37 51 14876 924 11789.2 12109
37 51 14877 925 11805.6 12109
37 51 14878 926 11800.4 12109
37 51 14879 927 11819.3 12109
37 51 14880 928 11781.8 12109
37 51 14881 929 11761.8 12109
37 51 14882 930 11815.1 12109
37 51 14883 931 11840.1 12109
37 51 14884 932 11831.5 12109
37 51 14885 933 11910.9 12109
37 51 14886 934 11933.6 12109
37 51 14887 935 11937.2 12109
37 51 14888 936 11861.7 12109
37 51 14889 937 11907.1 12109
37 51 14890 938 11885.7 12109
37 51 14891 939 11797.2 12109
37 51 14892 940 11962.2 12109
37 51 14893 941 11979 12109
37 51 14894 942 12046.9 12109
37 51 14895 943 12072.3 12109
37 51 14896 944 12011.4 12109
37 51 14897 945 12066 12109
37 51 14898 946 12057.6 12109
37 51 14899 947 12069.1 12109
37 51 14900 948 11966.4 12109
37 51 14901 949 11969.7 12109
37 51 14902 950 11984.6 12109
37 51 14903 951 11961.9 12109
37 51 14904 952 12006 12109
37 51 14905 953 12097.6 12109
37 51 14906 954 12167.2 12109
37 51 14907 955 12203.2 12109
37 51 14908 956 12175.8 12109
37 51 14909 957 12255.9 12109
37 51 14910 958 12183.8 12109
37 51 14911 959 12162.9 12109
37 51 14912 960 12215.7 12109
37 51 14913 961 12216.2 12109
37 51 14914 962 12211.7 12109
37 51 14915 963 12287 12109
37 51 14916 964 12326.4 12109
37 51 14917 965 12260.4 12109
37 51 14918 966 12338.3 12109
37 51 14919 967 12344.9 12109
37 51 14920 968 12338 12109
37 51 14921 969 12397.8 12109
37 51 14922 970 12293.9 12109
37 51 14923 971 12337.8 12109
37 51 14924 972 12359.9 12109
37 51 14925 973 12303.9 12109
37 51 14926 974 12326.9 12109
37 51 14927 975 12157.2 12109
37 51 14928 976 12109.2 12109
37 51 14929 977 12160.1 12109
37 51 14930 978 12199.6 12109
37 51 14931 979 12297.8 12109
37 51 14932 980 12340.5 12109
37 51 14933 981 12309.3 12109
37 51 14934 982 12311.3 12109
37 51 14935 983 12299.8 12109
37 51 14936 984 12373.3 12109
37 51 14937 985 12449.3 12109
37 51 14938 986 12459.1 12109
37 51 14939 987 12427.5 12109
37 51 14940 988 12458.7 12109
37 51 14941 989 12462.4 12109
37 51 14942 990 12485.3 12109
37 51 14943 991 12464.4 12109
37 51 14944 992 12439.6 12109
37 51 14945 993 12369.3 12109
37 51 14946 994 12298.8 12109
37 51 14947 995 12231.6 12109
37 51 14948 996 12179.4 12109
37 51 14949 997 12109.3 12109
37 51 14950 998 12016 12109
37 51 14951 999 12113.7 12109
37 51 14952 1000 12159.3 12109
37 51 14953 1001 12212 12109
37 51 14954 1002 12240 12109
37 51 14955 1003 12243 12109
37 51 14956 1004 12305.8 12109
37 51 14957 1005 12260.5 12109
37 51 14958 1006 12291 12109
37 51 14959 1007 12348.2 12109
37 51 14960 1008 12361.8 12109
37 51 14961 1009 12327.4 12109
37 51 14962 1010 12272.6 12109
37 51 14963 1011 12307.1 12109
37 51 14964 1012 12263.4 12109
37 51 14965 1013 12269.6 12109
37 51 14966 1014 12265.5 12109
37 51 14967 1015 12192.7 12109
37 51 14968 1016 12172.7 12109
37 51 14969 1017 12200.1 12109
37 51 14970 1018 12143.1 12109
37 51 14971 1019 12133.4 12109
37 51 14972 1020 12062.1 12109
37 51 14973 1021 12059.7 12109
37 51 14974 1022 12044.5 12109
37 51 14975 1023 11904.7 12109
37 51 14976 1024 11876.2 12109
37 51 14977 1025 11961.3 12109
37 51 14978 1026 12007.8 12109
37 51 14979 1027 12048.1 12109
37 51 14980 1028 12129.5 12109
37 51 14981 1029 12154.6 12109
37 51 14982 1030 12133.3 12109
37 51 14983 1031 12133.1 12109
37 51 14984 1032 12088.4 12109
37 51 14985 1033 12029.8 12109
37 51 14986 1034 12044.2 12109
37 51 14987 1035 11964.8 12109
37 51 14988 1036 12060.1 12109
37 51 14989 1037 12020.5 12109
37 51 14990 1038 12027 12109
37 51 14991 1039 12085 12109
37 51 14992 1040 12169.4 12109
37 51 14993 1041 12146.8 12109
37 51 14994 1042 12146.5 12109
37 51 14995 1043 12177.7 12109
37 51 14996 1044 12132.8 12109
37 51 14997 1045 12129.6 12109
37 51 14998 1046 12141.7 12109
37 51 14999 1047 12157.1 12109
37 51 15000 1048 12239.8 12109
37 51 15001 1049 12302.2 12109
37 51 15002 1050 12332.9 12109
37 51 15003 1051 12351 12109
37 51 15004 1052 12365.6 12109
37 51 15005 1053 12320.3 12109
37 51 15006 1054 12355.7 12109
37 51 15007 1055 12403.1 12109
37 51 15008 1056 12412.4 12109
37 51 15009 1057 12312.1 12109
37 51 15010 1058 12315.2 12109
37 51 15011 1059 12392.2 12109
37 51 15012 1060 12353.2 12109
37 51 15013 1061 12330 12109
37 51 15014 1062 12278.8 12109
37 51 15015 1063 12292.7 12109
37 51 15016 1064 12294.5 12109
37 51 15017 1065 12323.5 12109
37 51 15018 1066 12257.9 12109
37 51 15019 1067 12220.1 12109
37 51 15020 1068 12200.4 12109
37 51 15021 1069 12285 12109
37 51 15022 1070 12304.9 12109
37 51 15023 1071 12330.7 12109
37 51 15024 1072 12333.2 12109
37 51 15025 1073 12313.5 12109
37 51 15026 1074 12351.7 12109
37 51 15027 1075 12343.6 12109
37 51 15028 1076 12356.9 12109
37 51 15029 1077 12382 12109
37 51 15030 1078 12403.1 12109
37 51 15031 1079 12402.9 12109
37 51 15032 1080 12384 12109
37 51 15033 1081 12520.6 12109
37 51 15034 1082 12578.4 12109
37 51 15035 1083 12605.5 12109
37 51 15036 1084 12535.4 12109
37 51 15037 1085 12488.5 12109
37 51 15038 1086 12450.1 12109
37 51 15039 1087 12402.5 12109
37 51 15040 1088 12403.3 12109
37 51 15041 1089 12480.4 12109
37 51 15042 1090 12378.8 12109
37 51 15043 1091 12380.3 12109
37 51 15044 1092 12315.4 12109
37 51 15045 1093 12200.4 12109
37 51 15046 1094 12152.3 12109
37 51 15047 1095 12214.7 12109
37 51 15048 1096 12229 12109
37 51 15049 1097 12338.1 12109
37 51 15050 1098 12404.7 12109
37 51 15051 1099 12501.9 12109
37 51 15052 1100 12542.1 12109
37 51 15053 1101 12522.1 12109
37 51 15054 1102 12486.6 12109
37 51 15055 1103 12410.9 12109
37 51 15056 1104 12403 12109
37 51 15057 1105 12398.3 12109
37 51 15058 1106 12373.2 12109
37 51 15059 1107 12390 12109
37 51 15060 1108 12369.6 12109
37 51 15061 1109 12332 12109
37 51 15062 1110 12338.8 12109
37 51 15063 1111 12273.1 12109
37 51 15064 1112 12128.6 12109
37 51 15065 1113 12113.2 12109
37 51 15066 1114 12159.5 12109
37 51 15067 1115 12125.5 12109
37 51 15068 1116 12131.9 12109
37 51 15069 1117 12216.4 12109
37 51 15070 1118 12140 12109
37 51 15071 1119 12162.9 12109
37 51 15072 1120 12213.8 12109
37 51 15073 1121 12273.4 12109
35 51 15074 1122 12241.8 12109
35 51 15075 1123 12259.4 12109
35 51 15076 1124 12242.1 12109
35 51 15077 1125 12181.4 12109
35 51 15078 1126 12155 12109
35 51 15079 1127 12197.4 12109
35 51 15080 1128 12194.6 12109
35 51 15081 1129 12171.1 12109
35 51 15082 1130 12093.8 12109
35 51 15083 1131 12159.6 12109
35 51 15084 1132 12205 12109
35 51 15085 1133 12196.7 12109
35 51 15086 1134 12208.7 12109
35 51 15087 1135 12212.3 12109
35 51 15088 1136 12176.8 12109
35 51 15089 1137 12158.3 12109
35 51 15090 1138 12047.3 12109
35 51 15091 1139 12030.4 12109
35 51 15092 1140 11972.7 12109
35 51 15093 1141 11975.9 12109
35 51 15094 1142 11998.4 12109
35 51 15095 1143 11992.7 12109
35 51 15096 1144 12030.1 12109
35 51 15097 1145 12025.8 12109
35 51 15098 1146 12025.5 12109
35 51 15099 1147 12037.9 12109
35 51 15100 1148 12052.7 12109
35 51 15101 1149 11989.5 12109
35 51 15102 1150 11996.2 12109
35 51 15103 1151 11944 12109
35 51 15104 1152 11892.5 12109
35 51 15105 1153 11891.2 12109
35 51 15106 1154 11902.8 12109
35 51 15107 1155 11996 12109
35 51 15108 1156 11910.1 12109
35 51 15109 1157 11881.8 12109
35 51 15110 1158 11907.5 12109
35 51 15111 1159 11896.9 12109
35 51 15112 1160 11852.3 12109
35 51 15113 1161 11870.6 12109
35 51 15114 1162 11842.5 12109
35 51 15115 1163 11866.6 12109
35 51 15116 1164 11925.6 12109
35 51 15117 1165 11975.9 12109
35 51 15118 1166 11959.5 12109
35 51 15119 1167 11992.8 12109
35 51 15120 1168 12069.8 12109
35 51 15121 1169 11993.6 12109
35 51 15122 1170 12029.4 12109
35 51 15123 1171 11930.9 12109
35 51 15124 1172 11914.7 12109
