29 34 7590 0 0 2961
29 34 7591 1 62.9233 2961
29 34 7592 2 90.6507 2961
29 34 7593 3 179.045 2961
29 34 7594 4 189.818 2961
29 34 7595 5 177.647 2961
29 34 7596 6 147.613 2961
29 34 7597 7 149.6 2961
29 34 7598 8 178.453 2961
29 34 7599 9 312.667 2961
29 34 7600 10 260.525 2961
29 34 7601 11 288.221 2961
29 34 7602 12 340.417 2961
29 34 7603 13 258.288 2961
29 34 7604 14 242.737 2961
29 34 7605 15 248.583 2961
29 34 7606 16 225.911 2961
29 34 7607 17 284.319 2961
29 34 7608 18 315.014 2961
29 34 7609 19 351.781 2961
29 34 7610 20 393.063 2961
29 34 7611 21 385.654 2961
29 34 7612 22 355.905 2961
29 34 7613 23 417.993 2961
29 34 7614 24 503.754 2961
29 34 7615 25 545.627 2961
29 34 7616 26 651.338 2961
29 34 7617 27 687.528 2961
29 34 7618 28 684.439 2961
29 34 7619 29 573.331 2961
29 34 7620 30 637.36 2961
29 34 7621 31 666.563 2961
29 34 7622 32 680.28 2961
29 34 7623 33 780.145 2961
29 34 7624 34 788.304 2961
29 34 7625 35 838.012 2961
29 34 7626 36 853.873 2961
29 34 7627 37 863.669 2961
29 34 7628 38 879.5 2961
29 34 7629 39 847.199 2961
29 34 7630 40 909.537 2961
29 34 7631 41 870.712 2961
29 34 7632 42 857.401 2961
29 34 7633 43 911.835 2961
29 34 7634 44 898.433 2961
29 34 7635 45 891.444 2961
29 34 7636 46 956.413 2961
29 34 7637 47 1015.87 2961
29 34 7638 48 1009.18 2961
29 34 7639 49 974.858 2961
29 34 7640 50 1049.78 2961
29 34 7641 51 1051.52 2961
29 34 7642 52 1065.95 2961
29 34 7643 53 1137.58 2961
29 34 7644 54 1195.48 2961
29 34 7645 55 1158.67 2961
29 34 7646 56 1170.14 2961
29 34 7647 57 1216.88 2961
29 34 7648 58 1244.82 2961
29 34 7649 59 1352.48 2961
29 34 7650 60 1294.29 2961
29 34 7651 61 1262.27 2961
29 34 7652 62 1206.47 2961
29 34 7653 63 1212.84 2961
29 34 7654 64 1164.15 2961
29 34 7655 65 1144.93 2961
29 34 7656 66 1064.63 2961
29 34 7657 67 1077.06 2961
29 34 7658 68 972.304 2961
29 34 7659 69 942.771 2961
29 34 7660 70 932.653 2961
29 34 7661 71 865.808 2961
29 34 7662 72 901.885 2961
29 34 7663 73 981.11 2961
29 34 7664 74 931.897 2961
29 34 7665 75 991.004 2961
29 34 7666 76 1002.05 2961
29 34 7667 77 1059.64 2961
29 34 7668 78 1059.49 2961
29 34 7669 79 1027.62 2961
29 34 7670 80 985.92 2961
29 34 7671 81 1016.23 2961
29 34 7672 82 1164.62 2961
29 34 7673 83 1219.98 2961
29 34 7674 84 1228.91 2961
29 34 7675 85 1354.49 2961
29 34 7676 86 1392.18 2961
29 34 7677 87 1420.22 2961
29 34 7678 88 1373.82 2961
29 34 7679 89 1415.68 2961
29 34 7680 90 1504.95 2961
29 34 7681 91 1580.92 2961
29 34 7682 92 1525.16 2961
29 34 7683 93 1547.96 2961
29 34 7684 94 1529.18 2961
29 34 7685 95 1598.83 2961
29 34 7686 96 1578.04 2961
29 34 7687 97 1605.62 2961
29 34 7688 98 1587.09 2961
29 34 7689 99 1632.79 2961
29 34 7690 100 1564.96 2961
29 34 7691 101 1549.78 2961
29 34 7692 102 1509.6 2961
29 34 7693 103 1476.86 2961
29 34 7694 104 1462.15 2961
29 34 7695 105 1483.69 2961
29 34 7696 106 1536.4 2961
29 34 7697 107 1532.31 2961
29 34 7698 108 1559.08 2961
29 34 7699 109 1632.9 2961
29 34 7700 110 1594.57 2961
29 34 7701 111 1727.72 2961
29 34 7702 112 1707.91 2961
29 34 7703 113 1674.07 2961
29 34 7704 114 1684.5 2961
29 34 7705 115 1718.83 2961
29 34 7706 116 1705.99 2961
29 34 7707 117 1731.72 2961
29 34 7708 118 1758.43 2961
29 34 7709 119 1815.83 2961
29 34 7710 120 1757.97 2961
29 34 7711 121 1748.29 2961
29 34 7712 122 1671.81 2961
29 34 7713 123 1609 2961
29 34 7714 124 1683.48 2961
29 34 7715 125 1682.8 2961
29 34 7716 126 1672.27 2961
29 34 7717 127 1641.6 2961
29 34 7718 128 1759.39 2961
29 34 7719 129 1741.71 2961
29 34 7720 130 1773.99 2961
29 34 7721 131 1911.29 2961
29 34 7722 132 1899.7 2961
29 34 7723 133 1985.09 2961
29 34 7724 134 2030.6 2961
29 34 7725 135 2059.35 2961
29 34 7726 136 2004.59 2961
29 34 7727 137 2090.55 2961
29 34 7728 138 2150.99 2961
29 34 7729 139 2134.63 2961
29 34 7730 140 2174.27 2961
29 34 7731 141 2165.96 2961
29 34 7732 142 2243.78 2961
29 34 7733 143 2263.06 2961
29 34 7734 144 2175.12 2961
29 34 7735 145 2146.77 2961
29 34 7736 146 2081.74 2961
29 34 7737 147 2111.72 2961
29 34 7738 148 2234.43 2961
29 34 7739 149 2313.63 2961
29 34 7740 150 2286.34 2961
29 34 7741 151 2302.11 2961
29 34 7742 152 2403.43 2961
29 34 7743 153 2390.07 2961
29 34 7744 154 2419.2 2961
29 34 7745 155 2329.56 2961
29 34 7746 156 2402.43 2961
29 34 7747 157 2381.9 2961
29 34 7748 158 2383.93 2961
29 34 7749 159 2430.04 2961
29 34 7750 160 2420.94 2961
29 34 7751 161 2416.06 2961
29 34 7752 162 2345.71 2961
29 34 7753 163 2297.33 2961
29 34 7754 164 2270.15 2961
29 34 7755 165 2299.12 2961
29 34 7756 166 2242.68 2961
29 34 7757 167 2234.75 2961
29 34 7758 168 2142.46 2961
29 34 7759 169 2165.96 2961
29 34 7760 170 2280.25 2961
29 34 7761 171 2353.76 2961
29 34 7762 172 2352.14 2961
29 34 7763 173 2347.08 2961
29 34 7764 174 2329.33 2961
29 34 7765 175 2306.66 2961
29 34 7766 176 2297.5 2961
29 34 7767 177 2301.98 2961
29 34 7768 178 2335.84 2961
29 34 7769 179 2311.66 2961
29 34 7770 180 2249.5 2961
29 34 7771 181 2334.04 2961
29 34 7772 182 2317.57 2961
29 34 7773 183 2336.37 2961
29 34 7774 184 2323.66 2961
29 34 7775 185 2349.09 2961
29 34 7776 186 2363.14 2961
29 34 7777 187 2350.86 2961
29 34 7778 188 2356.85 2961
29 34 7779 189 2452.22 2961
29 34 7780 190 2531.33 2961
29 34 7781 191 2534.54 2961
29 34 7782 192 2596.05 2961
29 34 7783 193 2567.85 2961
29 34 7784 194 2595.3 2961
29 34 7785 195 2607.77 2961
29 34 7786 196 2593.52 2961
29 34 7787 197 2601.38 2961
29 34 7788 198 2600.62 2961
29 34 7789 199 2650.94 2961
29 34 7790 200 2591.89 2961
29 34 7791 201 2612.73 2961
29 34 7792 202 2626.74 2961
29 34 7793 203 2706.32 2961
29 34 7794 204 2749.04 2961
29 34 7795 205 2691.13 2961
29 34 7796 206 2649.17 2961
29 34 7797 207 2695.25 2961
29 34 7798 208 2681.33 2961
29 34 7799 209 2633.54 2961
29 34 7800 210 2661.46 2961
29 34 7801 211 2664.25 2961
29 34 7802 212 2631.44 2961
29 34 7803 213 2606.67 2961
29 34 7804 214 2623.99 2961
29 34 7805 215 2603.12 2961
29 34 7806 216 2615.84 2961
29 34 7807 217 2574.7 2961
29 34 7808 218 2649.76 2961
29 34 7809 219 2530.06 2961
29 34 7810 220 2602.11 2961
29 34 7811 221 2615.26 2961
29 34 7812 222 2637.98 2961
29 34 7813 223 2711.81 2961
29 34 7814 224 2749.88 2961
29 34 7815 225 2847.5 2961
29 34 7816 226 2836.53 2961
29 34 7817 227 2827.78 2961
29 34 7818 228 2805.44 2961
29 34 7819 229 2820.93 2961
29 34 7820 230 2803.84 2961
29 34 7821 231 2860.01 2961
29 34 7822 232 2888.39 2961
29 34 7823 233 2776.06 2961
29 34 7824 234 2792.69 2961
29 34 7825 235 2752.41 2961
29 34 7826 236 2786.65 2961
29 34 7827 237 2745.16 2961
29 34 7828 238 2669.69 2961
29 34 7829 239 2724.59 2961
29 34 7830 240 2752.21 2961
29 34 7831 241 2758.55 2961
29 34 7832 242 2670.2 2961
29 34 7833 243 2687.65 2961
29 34 7834 244 2636.44 2961
29 34 7835 245 2614.57 2961
29 34 7836 246 2589.04 2961
29 34 7837 247 2588.08 2961
29 34 7838 248 2644.9 2961
29 34 7839 249 2577.68 2961
29 34 7840 250 2646.48 2961
29 34 7841 251 2579.34 2961
29 34 7842 252 2588.85 2961
29 34 7843 253 2659.92 2961
29 34 7844 254 2621.5 2961
29 34 7845 255 2699.66 2961
29 34 7846 256 2764.76 2961
29 34 7847 257 2708.55 2961
29 34 7848 258 2657.31 2961
29 34 7849 259 2669.19 2961
29 34 7850 260 2755.07 2961
29 34 7851 261 2714.75 2961
29 34 7852 262 2704.44 2961
29 34 7853 263 2586.72 2961
29 34 7854 264 2636.14 2961
29 34 7855 265 2643.53 2961
29 34 7856 266 2665.59 2961
29 34 7857 267 2701.96 2961
29 34 7858 268 2741.01 2961
29 34 7859 269 2771.05 2961
29 34 7860 270 2689.08 2961
29 34 7861 271 2689.97 2961
29 34 7862 272 2726.08 2961
29 34 7863 273 2727.56 2961
29 34 7864 274 2785.13 2961
29 34 7865 275 2796.34 2961
29 34 7866 276 2744.76 2961
29 34 7867 277 2732.53 2961
29 34 7868 278 2732.94 2961
29 34 7869 279 2686.31 2961
29 34 7870 280 2697.99 2961
29 34 7871 281 2668.48 2961
29 34 7872 282 2569.97 2961
29 34 7873 283 2558.99 2961
29 34 7874 284 2609.74 2961
29 34 7875 285 2596.31 2961
29 34 7876 286 2604.04 2961
29 34 7877 287 2666.22 2961
29 34 7878 288 2646.68 2961
29 34 7879 289 2603.73 2961
29 34 7880 290 2638.78 2961
29 34 7881 291 2694.03 2961
29 34 7882 292 2711.42 2961
29 34 7883 293 2755.36 2961
29 34 7884 294 2638.58 2961
29 34 7885 295 2630.12 2961
29 34 7886 296 2703.25 2961
29 34 7887 297 2747.91 2961
29 34 7888 298 2714.29 2961
29 34 7889 299 2776.15 2961
29 34 7890 300 2831.07 2961
29 34 7891 301 2853.99 2961
29 34 7892 302 2857.29 2961
29 34 7893 303 2865.39 2961
29 34 7894 304 2904.29 2961
29 34 7895 305 2904.06 2961
29 34 7896 306 2924.61 2961
29 34 7897 307 3000.11 2961
29 34 7898 308 2981.94 2961
29 34 7899 309 2996.26 2961
29 34 7900 310 3070.47 2961
29 34 7901 311 3120.64 2961
29 34 7902 312 3206.8 2961
29 34 7903 313 3262.76 2961
29 34 7904 314 3267.05 2961
29 34 7905 315 3313.91 2961
29 34 7906 316 3419.82 2961
29 34 7907 317 3459.7 2961
29 34 7908 318 3523.44 2961
29 34 7909 319 3496.16 2961
29 34 7910 320 3497.69 2961
29 34 7911 321 3478.7 2961
29 34 7912 322 3448.43 2961
29 34 7913 323 3408.67 2961
29 34 7914 324 3471.46 2961
29 34 7915 325 3500.54 2961
29 34 7916 326 3551.59 2961
29 34 7917 327 3528.33 2961
29 34 7918 328 3470.78 2961
29 34 7919 329 3479.8 2961
29 34 7920 330 3457.48 2961
29 34 7921 331 3552.33 2961
29 34 7922 332 3550.39 2961
29 34 7923 333 3568.21 2961
29 34 7924 334 3623.89 2961
29 34 7925 335 3601.94 2961
29 34 7926 336 3534.51 2961
29 34 7927 337 3499.08 2961
29 34 7928 338 3502.6 2961
29 34 7929 339 3445 2961
29 34 7930 340 3309.16 2961
29 34 7931 341 3265.57 2961
29 34 7932 342 3285.27 2961
29 34 7933 343 3306.29 2961
29 34 7934 344 3305.18 2961
29 34 7935 345 3383.06 2961
29 34 7936 346 3354.64 2961
29 34 7937 347 3503.3 2961
29 34 7938 348 3538.16 2961
29 34 7939 349 3582.81 2961
29 34 7940 350 3633.27 2961
29 34 7941 351 3655.11 2961
29 34 7942 352 3602.4 2961
29 34 7943 353 3584.01 2961
29 34 7944 354 3587.85 2961
29 34 7945 355 3533.8 2961
29 34 7946 356 3518.79 2961
29 34 7947 357 3514.21 2961
29 34 7948 358 3528.27 2961
29 34 7949 359 3463.35 2961
29 34 7950 360 3487.36 2961
29 34 7951 361 3445.19 2961
29 34 7952 362 3480.71 2961
29 34 7953 363 3413.93 2961
29 34 7954 364 3437.67 2961
29 34 7955 365 3421.32 2961
29 34 7956 366 3412.14 2961
29 34 7957 367 3415.15 2961
29 34 7958 368 3411.8 2961
29 34 7959 369 3306.89 2961
29 34 7960 370 3279.67 2961
29 34 7961 371 3318.41 2961
29 34 7962 372 3276.64 2961
29 34 7963 373 3288.55 2961
29 34 7964 374 3334.88 2961
29 34 7965 375 3326.7 2961
29 34 7966 376 3318.12 2961
29 34 7967 377 3243.34 2961
29 34 7968 378 3223.39 2961
29 34 7969 379 3263.62 2961
29 34 7970 380 3289.83 2961
29 34 7971 381 3458.88 2961
29 34 7972 382 3489.1 2961
29 34 7973 383 3414.75 2961
29 34 7974 384 3383.48 2961
29 34 7975 385 3390.44 2961
29 34 7976 386 3322.31 2961
29 34 7977 387 3234.2 2961
29 34 7978 388 3151.8 2961
29 34 7979 389 3087.8 2961
29 34 7980 390 3182.38 2961
29 34 7981 391 3249.99 2961
29 34 7982 392 3189.55 2961
29 34 7983 393 3191.48 2961
29 34 7984 394 3136.66 2961
29 34 7985 395 3133.75 2961
29 34 7986 396 3184.19 2961
29 34 7987 397 3165.89 2961
29 34 7988 398 3238.43 2961
29 34 7989 399 3295.7 2961
29 34 7990 400 3311.17 2961
29 34 7991 401 3307.91 2961
29 34 7992 402 3362.53 2961
29 34 7993 403 3336.48 2961
29 34 7994 404 3326.66 2961
29 34 7995 405 3290.02 2961
29 34 7996 406 3335.47 2961
29 34 7997 407 3328.88 2961
29 34 7998 408 3332.79 2961
29 34 7999 409 3373.76 2961
29 34 8000 410 3442.61 2961
29 34 8001 411 3536.44 2961
29 34 8002 412 3547.7 2961
29 34 8003 413 3526.38 2961
29 34 8004 414 3493.31 2961
29 34 8005 415 3489.94 2961
29 34 8006 416 3426.19 2961
29 34 8007 417 3377.85 2961
29 34 8008 418 3399.61 2961
29 34 8009 419 3422.9 2961
29 34 8010 420 3363.73 2961
29 34 8011 421 3362.52 2961
29 34 8012 422 3445.82 2961
29 34 8013 423 3341.86 2961
29 34 8014 424 3373.92 2961
29 34 8015 425 3335.08 2961
29 34 8016 426 3287.85 2961
29 34 8017 427 3305.43 2961
29 34 8018 428 3267.65 2961
29 34 8019 429 3239.68 2961
29 34 8020 430 3238.87 2961
29 34 8021 431 3336.38 2961
29 34 8022 432 3410.24 2961
29 34 8023 433 3372.83 2961
29 34 8024 434 3302.72 2961
29 34 8025 435 3219.56 2961
29 34 8026 436 3173.05 2961
29 34 8027 437 3099.22 2961
29 34 8028 438 2999.6 2961
29 34 8029 439 3005.48 2961
29 34 8030 440 2959.62 2961
29 34 8031 441 2963.33 2961
29 34 8032 442 3049.86 2961
29 34 8033 443 2946.67 2961
29 34 8034 444 2922.75 2961
29 34 8035 445 2925.69 2961
29 34 8036 446 2956.38 2961
29 34 8037 447 2953.63 2961
29 34 8038 448 2894.49 2961
29 34 8039 449 2843.28 2961
29 34 8040 450 2887.51 2961
29 34 8041 451 2962.57 2961
29 34 8042 452 3042.46 2961
29 34 8043 453 3040.49 2961
29 34 8044 454 2998.09 2961
29 34 8045 455 2989.42 2961
29 34 8046 456 2982.41 2961
29 34 8047 457 2974.52 2961
29 34 8048 458 3008.01 2961
29 34 8049 459 3015.92 2961
29 34 8050 460 2990.87 2961
29 34 8051 461 3028.93 2961
29 34 8052 462 2921.64 2961
29 34 8053 463 2902.61 2961
29 34 8054 464 2814.2 2961
29 34 8055 465 2760.63 2961
29 34 8056 466 2761.68 2961
29 34 8057 467 2845.12 2961
29 34 8058 468 2807.88 2961
29 34 8059 469 2803.59 2961
29 34 8060 470 2785.86 2961
29 34 8061 471 2842.1 2961
29 34 8062 472 2752.91 2961
29 34 8063 473 2726.66 2961
29 34 8064 474 2690.55 2961
29 34 8065 475 2683.28 2961
29 34 8066 476 2706.15 2961
29 34 8067 477 2681.92 2961
29 34 8068 478 2742.91 2961
29 34 8069 479 2716.42 2961
29 34 8070 480 2602.13 2961
29 34 8071 481 2564.27 2961
29 34 8072 482 2572 2961
29 34 8073 483 2490.13 2961
29 34 8074 484 2522.94 2961
29 34 8075 485 2470.14 2961
29 34 8076 486 2401.64 2961
29 34 8077 487 2446.14 2961
29 34 8078 488 2433.81 2961
29 34 8079 489 2473.55 2961
29 34 8080 490 2412.38 2961
29 34 8081 491 2455.43 2961
29 34 8082 492 2481.34 2961
29 34 8083 493 2477.55 2961
29 34 8084 494 2530.43 2961
29 34 8085 495 2569.78 2961
29 34 8086 496 2518.78 2961
29 34 8087 497 2581.79 2961
29 34 8088 498 2680.65 2961
29 34 8089 499 2740.65 2961
29 34 8090 500 2750.9 2961
29 34 8091 501 2758.9 2961
29 34 8092 502 2790.24 2961
29 34 8093 503 2895.35 2961
29 34 8094 504 2865.4 2961
29 34 8095 505 2835.57 2961
29 34 8096 506 2883.52 2961
29 34 8097 507 2904.96 2961
29 34 8098 508 2932.75 2961
29 34 8099 509 2866.36 2961
29 34 8100 510 2932.79 2961
29 34 8101 511 2968.75 2961
29 34 8102 512 2927.08 2961
29 34 8103 513 2964.38 2961
29 34 8104 514 2936.83 2961
29 34 8105 515 2865.74 2961
29 34 8106 516 2872.47 2961
29 34 8107 517 2794.7 2961
29 34 8108 518 2774.27 2961
29 34 8109 519 2752.26 2961
29 34 8110 520 2722.55 2961
29 34 8111 521 2786.25 2961
29 34 8112 522 2880.27 2961
29 34 8113 523 2927.78 2961
29 34 8114 524 2889.81 2961
29 34 8115 525 2863.43 2961
29 34 8116 526 2828.9 2961
29 34 8117 527 2818.2 2961
29 34 8118 528 2829.9 2961
29 34 8119 529 2785.11 2961
29 34 8120 530 2802.79 2961
29 34 8121 531 2780.75 2961
29 34 8122 532 2782.24 2961
29 34 8123 533 2719.79 2961
29 34 8124 534 2746.56 2961
29 34 8125 535 2764.51 2961
29 34 8126 536 2809.41 2961
29 34 8127 537 2752.72 2961
29 34 8128 538 2796.2 2961
29 34 8129 539 2757.7 2961
29 34 8130 540 2754.02 2961
29 34 8131 541 2759.63 2961
29 34 8132 542 2716.26 2961
29 34 8133 543 2669.25 2961
29 34 8134 544 2701.31 2961
29 34 8135 545 2778.29 2961
29 34 8136 546 2794.03 2961
29 34 8137 547 2765.08 2961
29 34 8138 548 2758.68 2961
29 34 8139 549 2684.21 2961
29 34 8140 550 2666.05 2961
29 34 8141 551 2712.6 2961
29 34 8142 552 2668.68 2961
29 34 8143 553 2685.71 2961
29 34 8144 554 2648.92 2961
29 34 8145 555 2704.06 2961
29 34 8146 556 2745.38 2961
29 34 8147 557 2816.86 2961
29 34 8148 558 2897.55 2961
29 34 8149 559 2949.87 2961
29 34 8150 560 2996.29 2961
29 34 8151 561 3034.49 2961
29 34 8152 562 3038.99 2961
29 34 8153 563 3081.22 2961
29 34 8154 564 3077.18 2961
29 34 8155 565 3147.01 2961
29 34 8156 566 3170.82 2961
29 34 8157 567 3163.98 2961
29 34 8158 568 3181.72 2961
29 34 8159 569 3082.37 2961
29 34 8160 570 3068.25 2961
29 34 8161 571 3119.91 2961
29 34 8162 572 3072.23 2961
29 34 8163 573 3050.51 2961
29 34 8164 574 3128.37 2961
29 34 8165 575 3100.15 2961
29 34 8166 576 3156.46 2961
29 34 8167 577 3107.72 2961
29 34 8168 578 3084.31 2961
29 34 8169 579 3159.61 2961
29 34 8170 580 3250.4 2961
29 34 8171 581 3226.82 2961
29 34 8172 582 3275.89 2961
29 34 8173 583 3320.69 2961
29 34 8174 584 3395.75 2961
29 34 8175 585 3398.92 2961
29 34 8176 586 3380.29 2961
29 34 8177 587 3336.2 2961
29 34 8178 588 3336.8 2961
29 34 8179 589 3386.03 2961
29 34 8180 590 3434.75 2961
29 34 8181 591 3465.92 2961
29 34 8182 592 3455.44 2961
29 34 8183 593 3370.46 2961
29 34 8184 594 3391.54 2961
29 34 8185 595 3398.22 2961
29 34 8186 596 3409.49 2961
29 34 8187 597 3442.04 2961
29 34 8188 598 3449.02 2961
29 34 8189 599 3416.4 2961
29 34 8190 600 3522.08 2961
29 34 8191 601 3539.34 2961
29 34 8192 602 3491.57 2961
29 34 8193 603 3456.1 2961
29 34 8194 604 3460.62 2961
29 34 8195 605 3361.35 2961
29 34 8196 606 3326.67 2961
29 34 8197 607 3356.73 2961
29 34 8198 608 3355.6 2961
29 34 8199 609 3416.14 2961
29 34 8200 610 3359.61 2961
29 34 8201 611 3349.19 2961
29 34 8202 612 3324.92 2961
29 34 8203 613 3226.92 2961
29 34 8204 614 3117.18 2961
29 34 8205 615 3214.34 2961
29 34 8206 616 3270.98 2961
29 34 8207 617 3321.15 2961
29 34 8208 618 3337.46 2961
29 34 8209 619 3314.33 2961
29 34 8210 620 3318.2 2961
29 34 8211 621 3301.05 2961
29 34 8212 622 3252.3 2961
29 34 8213 623 3295.39 2961
29 34 8214 624 3326.58 2961
29 34 8215 625 3290.54 2961
29 34 8216 626 3262.23 2961
29 34 8217 627 3262.46 2961
29 34 8218 628 3210.88 2961
29 34 8219 629 3197.8 2961
29 34 8220 630 3124.58 2961
29 34 8221 631 3150.6 2961
29 34 8222 632 3179.04 2961
29 34 8223 633 3191.29 2961
29 34 8224 634 3156.46 2961
29 34 8225 635 3147.54 2961
29 34 8226 636 3160.21 2961
29 34 8227 637 3154.55 2961
29 34 8228 638 3071.7 2961
29 34 8229 639 3035.11 2961
29 34 8230 640 2919.98 2961
29 34 8231 641 2991.11 2961
29 34 8232 642 2878.48 2961
29 34 8233 643 2883.39 2961
29 34 8234 644 2893.09 2961
29 34 8235 645 2882 2961
29 34 8236 646 2829.95 2961
29 34 8237 647 2783.63 2961
29 34 8238 648 2773.81 2961
29 34 8239 649 2750.77 2961
29 34 8240 650 2740.85 2961
29 34 8241 651 2769.24 2961
29 34 8242 652 2739.17 2961
29 34 8243 653 2744.15 2961
29 34 8244 654 2771.77 2961
29 34 8245 655 2848.62 2961
29 34 8246 656 2835.12 2961
29 34 8247 657 2769.11 2961
29 34 8248 658 2782.12 2961
29 34 8249 659 2779.26 2961
29 34 8250 660 2795.28 2961
29 34 8251 661 2845.55 2961
29 34 8252 662 2860.65 2961
29 34 8253 663 2878.05 2961
29 34 8254 664 2837.89 2961
29 34 8255 665 2916.83 2961
29 34 8256 666 2926.1 2961
29 34 8257 667 2941.35 2961
29 34 8258 668 2921.97 2961
29 34 8259 669 2913.24 2961
29 34 8260 670 3022.8 2961
29 34 8261 671 2960.02 2961
29 34 8262 672 2900.01 2961
29 34 8263 673 2979.29 2961
29 34 8264 674 2920.42 2961
29 34 8265 675 2850.28 2961
29 34 8266 676 2878.89 2961
29 34 8267 677 2850.97 2961
29 34 8268 678 2879.47 2961
29 34 8269 679 2885.15 2961
29 34 8270 680 2870.29 2961
29 34 8271 681 2862.89 2961
29 34 8272 682 2829.78 2961
29 34 8273 683 2850.69 2961
29 34 8274 684 2818.57 2961
29 34 8275 685 2862.59 2961
29 34 8276 686 2849.26 2961
29 34 8277 687 2891.19 2961
29 34 8278 688 2906.67 2961
29 34 8279 689 2945.39 2961
29 34 8280 690 2961.96 2961
29 34 8281 691 2986.8 2961
29 34 8282 692 2956.24 2961
29 34 8283 693 2954.26 2961
29 34 8284 694 2992.85 2961
29 34 8285 695 3054.02 2961
29 34 8286 696 3009.62 2961
29 34 8287 697 3075.06 2961
29 34 8288 698 3095.41 2961
29 34 8289 699 3109.59 2961
29 34 8290 700 3214.54 2961
29 34 8291 701 3231.66 2961
29 34 8292 702 3233.1 2961
29 34 8293 703 3261.49 2961
29 34 8294 704 3187.97 2961
29 34 8295 705 3202.42 2961
29 34 8296 706 3170.36 2961
29 34 8297 707 3158.86 2961
29 34 8298 708 3106.99 2961
29 34 8299 709 3115.71 2961
29 34 8300 710 3152.04 2961
29 34 8301 711 3151.14 2961
29 34 8302 712 3138.9 2961
29 34 8303 713 3133.52 2961
29 34 8304 714 3172.21 2961
29 34 8305 715 3135.75 2961
29 34 8306 716 3243.87 2961
29 34 8307 717 3271.8 2961
29 34 8308 718 3263.33 2961
29 34 8309 719 3259.43 2961
29 34 8310 720 3258.14 2961
29 34 8311 721 3322.97 2961
29 34 8312 722 3284.93 2961
29 34 8313 723 3297.03 2961
29 34 8314 724 3365.22 2961
29 34 8315 725 3310.47 2961
29 34 8316 726 3257.17 2961
29 34 8317 727 3291.17 2961
29 34 8318 728 3397.51 2961
29 34 8319 729 3481.98 2961
29 34 8320 730 3455.31 2961
29 34 8321 731 3444.44 2961
29 34 8322 732 3411.31 2961
29 34 8323 733 3387.08 2961
29 34 8324 734 3350.17 2961
29 34 8325 735 3238.54 2961
29 34 8326 736 3192.7 2961
29 34 8327 737 3225.01 2961
29 34 8328 738 3206.86 2961
29 34 8329 739 3182.08 2961
29 34 8330 740 3081.6 2961
29 34 8331 741 3047.18 2961
29 34 8332 742 2944.15 2961
29 34 8333 743 2907.04 2961
29 34 8334 744 2868.57 2961
29 34 8335 745 2812.77 2961
29 34 8336 746 2819.85 2961
29 34 8337 747 2851.74 2961
29 34 8338 748 2903.6 2961
29 34 8339 749 2915.05 2961
29 34 8340 750 2876.71 2961
29 34 8341 751 2841.47 2961
29 34 8342 752 2840.61 2961
29 34 8343 753 2925.63 2961
29 34 8344 754 2905.62 2961
29 34 8345 755 2894.84 2961
29 34 8346 756 2878.79 2961
29 34 8347 757 2854.31 2961
29 34 8348 758 2816.82 2961
29 34 8349 759 2823.95 2961
29 34 8350 760 2841.77 2961
29 34 8351 761 2790.65 2961
29 34 8352 762 2711.43 2961
29 34 8353 763 2713.39 2961
29 34 8354 764 2717.89 2961
29 34 8355 765 2734.97 2961
29 34 8356 766 2728.45 2961
29 34 8357 767 2679.73 2961
29 34 8358 768 2727.52 2961
29 34 8359 769 2738.88 2961
29 34 8360 770 2810.52 2961
29 34 8361 771 2822.98 2961
29 34 8362 772 2837.6 2961
29 34 8363 773 2873.59 2961
29 34 8364 774 2735.77 2961
29 34 8365 775 2676.55 2961
29 34 8366 776 2756.37 2961
29 34 8367 777 2703.13 2961
29 34 8368 778 2703.5 2961
29 34 8369 779 2728.89 2961
29 34 8370 780 2828.28 2961
29 34 8371 781 2793.42 2961
29 34 8372 782 2821.34 2961
29 34 8373 783 2815.62 2961
29 34 8374 784 2801.88 2961
29 34 8375 785 2785.88 2961
29 34 8376 786 2685.72 2961
29 34 8377 787 2727.41 2961
29 34 8378 788 2765.51 2961
29 34 8379 789 2825.79 2961
29 34 8380 790 2765.49 2961
29 34 8381 791 2894.94 2961
29 34 8382 792 2857.92 2961
29 34 8383 793 2871.35 2961
29 34 8384 794 2851.92 2961
29 34 8385 795 2741.63 2961
29 34 8386 796 2777.1 2961
29 34 8387 797 2842.74 2961
29 34 8388 798 2839.6 2961
29 34 8389 799 2864.85 2961
29 34 8390 800 2881.24 2961
29 34 8391 801 2950.61 2961
29 34 8392 802 2884 2961
29 34 8393 803 2852.2 2961
29 34 8394 804 2890.17 2961
29 34 8395 805 2907.35 2961
29 34 8396 806 2954.96 2961
29 34 8397 807 2980.62 2961
29 34 8398 808 2994.39 2961
29 34 8399 809 2985.66 2961
29 34 8400 810 3005.77 2961
29 34 8401 811 3047.35 2961
29 34 8402 812 3091.38 2961
29 34 8403 813 3187.63 2961
29 34 8404 814 3130.86 2961
29 34 8405 815 3098.51 2961
29 34 8406 816 3091.28 2961
29 34 8407 817 2960.83 2961
29 34 8408 818 2937.67 2961
29 34 8409 819 2962.16 2961
29 34 8410 820 3014.93 2961
29 34 8411 821 3066.79 2961
29 34 8412 822 3059.94 2961
29 34 8413 823 3026.16 2961
29 34 8414 824 3088.21 2961
29 34 8415 825 3071.97 2961
29 34 8416 826 3021.92 2961
29 34 8417 827 3022.28 2961
29 34 8418 828 3081.63 2961
29 34 8419 829 3072.7 2961
29 34 8420 830 2974.59 2961
29 34 8421 831 2957.41 2961
29 34 8422 832 2841.14 2961
29 34 8423 833 2860.93 2961
29 34 8424 834 2775.68 2961
29 34 8425 835 2745.52 2961
29 34 8426 836 2702.79 2961
29 34 8427 837 2590.87 2961
29 34 8428 838 2597.43 2961
29 34 8429 839 2516.16 2961
29 34 8430 840 2546.92 2961
29 34 8431 841 2505.2 2961
29 34 8432 842 2596.96 2961
29 34 8433 843 2683.6 2961
29 34 8434 844 2728.39 2961
29 34 8435 845 2665.46 2961
29 34 8436 846 2690.23 2961
29 34 8437 847 2811.08 2961
29 34 8438 848 2761.74 2961
29 34 8439 849 2764.49 2961
29 34 8440 850 2774.98 2961
29 34 8441 851 2832.07 2961
29 34 8442 852 2879.21 2961
29 34 8443 853 2846.97 2961
29 34 8444 854 2874.41 2961
29 34 8445 855 2936.65 2961
29 34 8446 856 2914.23 2961
29 34 8447 857 2927.63 2961
29 34 8448 858 3001.5 2961
29 34 8449 859 3050.58 2961
29 34 8450 860 2979.16 2961
29 34 8451 861 3010.06 2961
29 34 8452 862 2991.85 2961
29 34 8453 863 3038.78 2961
29 34 8454 864 3085.66 2961
29 34 8455 865 3032.03 2961
29 34 8456 866 3015.8 2961
29 34 8457 867 3016.87 2961
29 34 8458 868 3039.88 2961
29 34 8459 869 3003.9 2961
29 34 8460 870 2999.85 2961
29 34 8461 871 3024.92 2961
29 34 8462 872 3047.26 2961
29 34 8463 873 3083.04 2961
29 34 8464 874 3213.03 2961
29 34 8465 875 3268.53 2961
29 34 8466 876 3319.59 2961
29 34 8467 877 3333.76 2961
29 34 8468 878 3290.95 2961
29 34 8469 879 3328.34 2961
29 34 8470 880 3315.19 2961
29 34 8471 881 3202.48 2961
29 34 8472 882 3219.98 2961
29 34 8473 883 3224.64 2961
29 34 8474 884 3246.19 2961
29 34 8475 885 3201.24 2961
29 34 8476 886 3109.55 2961
29 34 8477 887 3126.89 2961
29 34 8478 888 3154.97 2961
29 34 8479 889 3057.65 2961
29 34 8480 890 3049.32 2961
29 34 8481 891 3000.88 2961
29 34 8482 892 3036.93 2961
29 34 8483 893 3012.29 2961
29 34 8484 894 2956.94 2961
29 34 8485 895 3014.49 2961
29 34 8486 896 2956.67 2961
29 34 8487 897 3029.76 2961
29 34 8488 898 3047.53 2961
29 34 8489 899 3171.44 2961
29 34 8490 900 3230.73 2961
29 34 8491 901 3285.85 2961
29 34 8492 902 3228.12 2961
29 34 8493 903 3172.08 2961
29 34 8494 904 3253.18 2961
29 34 8495 905 3147.37 2961
29 34 8496 906 3113.77 2961
29 34 8497 907 3056.43 2961
29 34 8498 908 3067.47 2961
29 34 8499 909 2999.3 2961
29 34 8500 910 3107.27 2961
29 34 8501 911 3086.14 2961
29 34 8502 912 3105.85 2961
29 34 8503 913 3082.9 2961
29 34 8504 914 3102.97 2961
29 34 8505 915 3118.82 2961
29 34 8506 916 3177.27 2961
29 34 8507 917 3164.63 2961
29 34 8508 918 3268.3 2961
29 34 8509 919 3233.23 2961
29 34 8510 920 3220.22 2961
29 34 8511 921 3305.1 2961
29 34 8512 922 3321.29 2961
29 34 8513 923 3302.54 2961
29 34 8514 924 3245.42 2961
29 34 8515 925 3259.15 2961
29 34 8516 926 3267.45 2961
29 34 8517 927 3306.2 2961
29 34 8518 928 3288.08 2961
29 34 8519 929 3247.62 2961
29 34 8520 930 3216.37 2961
29 34 8521 931 3251.09 2961
29 34 8522 932 3140.51 2961
29 34 8523 933 3124.3 2961
29 34 8524 934 3135.65 2961
29 34 8525 935 3201.43 2961
29 34 8526 936 3198.42 2961
29 34 8527 937 3138.44 2961
29 34 8528 938 3075.3 2961
29 34 8529 939 3077.51 2961
29 34 8530 940 2902.94 2961
29 34 8531 941 2917.56 2961
29 34 8532 942 2846.72 2961
29 34 8533 943 2811.96 2961
29 34 8534 944 2775.34 2961
29 34 8535 945 2819.84 2961
29 34 8536 946 2783.09 2961
29 34 8537 947 2820.85 2961
29 34 8538 948 2838.38 2961
29 34 8539 949 2843.85 2961
29 34 8540 950 2816.13 2961
29 34 8541 951 2830.17 2961
29 34 8542 952 2828.91 2961
29 34 8543 953 2825.44 2961
29 34 8544 954 2898.03 2961
29 34 8545 955 2844.79 2961
29 34 8546 956 2880.22 2961
29 34 8547 957 2808.92 2961
29 34 8548 958 2892.52 2961
29 34 8549 959 2908.14 2961
29 34 8550 960 2864.68 2961
29 34 8551 961 2882.84 2961
29 34 8552 962 2879.98 2961
29 34 8553 963 2855 2961
29 34 8554 964 2738.17 2961
29 34 8555 965 2648.57 2961
29 34 8556 966 2633.96 2961
29 34 8557 967 2524.79 2961
29 34 8558 968 2513.79 2961
29 34 8559 969 2504.57 2961
29 34 8560 970 2577.38 2961
29 34 8561 971 2544.81 2961
29 34 8562 972 2524.35 2961
29 34 8563 973 2573.3 2961
29 34 8564 974 2579.39 2961
29 34 8565 975 2559.94 2961
29 34 8566 976 2572.44 2961
29 34 8567 977 2548.81 2961
29 34 8568 978 2515.16 2961
29 34 8569 979 2526.95 2961
29 34 8570 980 2509.14 2961
29 34 8571 981 2443.62 2961
29 34 8572 982 2474.5 2961
29 34 8573 983 2451.32 2961
29 34 8574 984 2441.55 2961
29 34 8575 985 2366.8 2961
29 34 8576 986 2396.48 2961
29 34 8577 987 2440.79 2961
29 34 8578 988 2347.38 2961
29 34 8579 989 2364.38 2961
29 34 8580 990 2328.19 2961
29 34 8581 991 2228.18 2961
29 34 8582 992 2279.57 2961
29 34 8583 993 2277.84 2961
29 34 8584 994 2273.62 2961
29 34 8585 995 2198.78 2961
29 34 8586 996 2263.62 2961
29 34 8587 997 2308.36 2961
29 34 8588 998 2307.77 2961
29 34 8589 999 2296.97 2961
29 34 8590 1000 2330.56 2961
29 34 8591 1001 2269.78 2961
29 34 8592 1002 2269.48 2961
29 34 8593 1003 2255.62 2961
29 34 8594 1004 2206.84 2961
29 34 8595 1005 2185.89 2961
29 34 8596 1006 2202.23 2961
29 34 8597 1007 2201.81 2961
29 34 8598 1008 2151.95 2961
29 34 8599 1009 2125.97 2961
29 34 8600 1010 1979.91 2961
29 34 8601 1011 1920.25 2961
29 34 8602 1012 1907.65 2961
29 34 8603 1013 1951.74 2961
29 34 8604 1014 2010.7 2961
29 34 8605 1015 2028.88 2961
29 34 8606 1016 1960.52 2961
29 34 8607 1017 2020.07 2961
29 34 8608 1018 2047.11 2961
29 34 8609 1019 2093.16 2961
29 34 8610 1020 2097.39 2961
29 34 8611 1021 2153.85 2961
29 34 8612 1022 2201.52 2961
29 34 8613 1023 2190.32 2961
29 34 8614 1024 2088.97 2961
29 34 8615 1025 2089.59 2961
29 34 8616 1026 2038.01 2961
29 34 8617 1027 2098.94 2961
29 34 8618 1028 2122.9 2961
29 34 8619 1029 2161.69 2961
29 34 8620 1030 2185.37 2961
29 34 8621 1031 2186.99 2961
29 34 8622 1032 2275.37 2961
29 34 8623 1033 2289.29 2961
29 34 8624 1034 2245.71 2961
29 34 8625 1035 2277.21 2961
29 34 8626 1036 2313.01 2961
29 34 8627 1037 2356.33 2961
29 34 8628 1038 2383.38 2961
29 34 8629 1039 2385.97 2961
29 34 8630 1040 2393.1 2961
29 34 8631 1041 2394.14 2961
29 34 8632 1042 2404.3 2961
29 34 8633 1043 2439.37 2961
29 34 8634 1044 2469.17 2961
29 34 8635 1045 2562.54 2961
29 34 8636 1046 2552.39 2961
29 34 8637 1047 2537.01 2961
29 34 8638 1048 2591.82 2961
28 34 8639 1049 2623.07 2961
28 34 8640 1050 2605.44 2961
28 34 8641 1051 2536.7 2961
28 34 8642 1052 2595.22 2961
28 34 8643 1053 2624.52 2961
28 34 8644 1054 2663.97 2961
28 34 8645 1055 2698.94 2961
28 34 8646 1056 2681.48 2961
28 34 8647 1057 2731.04 2961
28 34 8648 1058 2716.97 2961
28 34 8649 1059 2721.05 2961
28 34 8650 1060 2742.18 2961
28 34 8651 1061 2756.69 2961
28 34 8652 1062 2775.2 2961
28 34 8653 1063 2696.02 2961
28 34 8654 1064 2684.34 2961
28 34 8655 1065 2736.53 2961
28 34 8656 1066 2704.67 2961
28 34 8657 1067 2707.48 2961
28 34 8658 1068 2661.3 2961
28 34 8659 1069 2632.57 2961
28 34 8660 1070 2679.85 2961
28 34 8661 1071 2619.4 2961
28 34 8662 1072 2655.98 2961
28 34 8663 1073 2757.48 2961
28 34 8664 1074 2727.11 2961
28 34 8665 1075 2689.54 2961
28 34 8666 1076 2678.94 2961
28 34 8667 1077 2676.61 2961
28 34 8668 1078 2676.07 2961
28 34 8669 1079 2722.94 2961
28 34 8670 1080 2723.34 2961
28 34 8671 1081 2757.72 2961
28 34 8672 1082 2736.36 2961
28 34 8673 1083 2839.3 2961
28 34 8674 1084 2918.11 2961
28 34 8675 1085 2915.99 2961
28 34 8676 1086 2801.53 2961
28 34 8677 1087 2769.89 2961
28 34 8678 1088 2697.02 2961
28 34 8679 1089 2702.22 2961
28 34 8680 1090 2775.8 2961
28 34 8681 1091 2802.53 2961
28 34 8682 1092 2883.9 2961
28 34 8683 1093 2936.71 2961
28 34 8684 1094 2887.96 2961
28 34 8685 1095 2911.86 2961
28 34 8686 1096 2928.6 2961
28 34 8687 1097 2842.61 2961
28 34 8688 1098 2737.45 2961
28 34 8689 1099 2740.1 2961
28 34 8690 1100 2699.36 2961
28 34 8691 1101 2648.85 2961
28 34 8692 1102 2647.22 2961
28 34 8693 1103 2632.57 2961
28 34 8694 1104 2665.52 2961
28 34 8695 1105 2668.75 2961
28 34 8696 1106 2584.89 2961
28 34 8697 1107 2611.6 2961
28 34 8698 1108 2552.74 2961
28 34 8699 1109 2589.6 2961
28 34 8700 1110 2566.23 2961
28 34 8701 1111 2580.64 2961
28 34 8702 1112 2577.65 2961
28 34 8703 1113 2581.73 2961
28 34 8704 1114 2646.5 2961
28 34 8705 1115 2618.7 2961
28 34 8706 1116 2602.19 2961
28 34 8707 1117 2669.65 2961
28 34 8708 1118 2669.1 2961
28 34 8709 1119 2640.42 2961
28 34 8710 1120 2590.75 2961
28 34 8711 1121 2554.92 2961
28 34 8712 1122 2624.05 2961
28 34 8713 1123 2635.73 2961
28 34 8714 1124 2646.51 2961
28 34 8715 1125 2701.04 2961
28 34 8716 1126 2635.11 2961
28 34 8717 1127 2650.91 2961
28 34 8718 1128 2702.7 2961
28 34 8719 1129 2713.1 2961
28 34 8720 1130 2693.27 2961
28 34 8721 1131 2782.72 2961
28 34 8722 1132 2754.49 2961
28 34 8723 1133 2726.61 2961
28 34 8724 1134 2636.65 2961
28 34 8725 1135 2698.73 2961
28 34 8726 1136 2648.26 2961
28 34 8727 1137 2631.72 2961
28 34 8728 1138 2611.67 2961
28 34 8729 1139 2612.84 2961
28 34 8730 1140 2535.51 2961
28 34 8731 1141 2558.19 2961
28 34 8732 1142 2561.29 2961
28 34 8733 1143 2605.39 2961
28 34 8734 1144 2678.57 2961
28 34 8735 1145 2685.86 2961
28 34 8736 1146 2763.28 2961
28 34 8737 1147 2761.13 2961
28 34 8738 1148 2789.18 2961
28 34 8739 1149 2809.09 2961
28 34 8740 1150 2752.69 2961
28 34 8741 1151 2757.02 2961
28 34 8742 1152 2742.49 2961
28 34 8743 1153 2729.41 2961
28 34 8744 1154 2670.82 2961
28 34 8745 1155 2702.63 2961
28 34 8746 1156 2707.72 2961
28 34 8747 1157 2692.89 2961
28 34 8748 1158 2669.26 2961
28 34 8749 1159 2802.03 2961
28 34 8750 1160 2826.31 2961
28 34 8751 1161 2851.5 2961
28 34 8752 1162 2837.76 2961
28 34 8753 1163 2770.8 2961
28 34 8754 1164 2773.5 2961
28 34 8755 1165 2768.33 2961
28 34 8756 1166 2733.15 2961
28 34 8757 1167 2687.22 2961
28 34 8758 1168 2749.7 2961
28 34 8759 1169 2751.26 2961
28 34 8760 1170 2750.87 2961
28 34 8761 1171 2697.33 2961
28 34 8762 1172 2751.74 2961
28 34 8763 1173 2690.21 2961
28 34 8764 1174 2768.36 2961
28 34 8765 1175 2810.3 2961
28 34 8766 1176 2923.16 2961
28 34 8767 1177 2926.97 2961
28 34 8768 1178 2949.37 2961
28 34 8769 1179 2950.57 2961
28 34 8770 1180 2947.86 2961
28 34 8771 1181 2985.14 2961
28 34 8772 1182 2935.7 2961
28 34 8773 1183 3019.65 2961
28 34 8774 1184 2973.98 2961
28 34 8775 1185 2959.99 2961
28 34 8776 1186 3012.97 2961
28 34 8777 1187 2927.6 2961
28 34 8778 1188 2919.16 2961
28 34 8779 1189 2922.47 2961
28 34 8780 1190 3001.63 2961
28 34 8781 1191 3016.43 2961
28 34 8782 1192 3000.96 2961
28 34 8783 1193 2951.28 2961
28 34 8784 1194 2991.17 2961
28 34 8785 1195 2997.37 2961
28 34 8786 1196 3029.19 2961
28 34 8787 1197 3077.8 2961
28 34 8788 1198 3130.27 2961
28 34 8789 1199 3091.4 2961
28 34 8790 1200 3090.74 2961
28 34 8791 1201 3138.1 2961
28 34 8792 1202 3123.94 2961
28 34 8793 1203 3136.98 2961
28 34 8794 1204 3161.77 2961
28 34 8795 1205 3164.8 2961
28 34 8796 1206 3190.05 2961
28 34 8797 1207 3182.72 2961
28 34 8798 1208 3253.77 2961
28 34 8799 1209 3234.15 2961
28 34 8800 1210 3151.06 2961
28 34 8801 1211 3193.17 2961
28 34 8802 1212 3108.81 2961
28 34 8803 1213 3154.46 2961
28 34 8804 1214 3076.31 2961
28 34 8805 1215 3081.66 2961
28 34 8806 1216 3097.72 2961
28 34 8807 1217 3079.98 2961
28 34 8808 1218 3183.97 2961
28 34 8809 1219 3146.09 2961
28 34 8810 1220 3146.58 2961
28 34 8811 1221 3122.34 2961
28 34 8812 1222 3129.64 2961
28 34 8813 1223 3053.54 2961
28 34 8814 1224 2999.92 2961
28 34 8815 1225 2982.98 2961
28 34 8816 1226 2926.77 2961
28 34 8817 1227 2899.93 2961
28 34 8818 1228 2912.42 2961
28 34 8819 1229 2905.21 2961
28 34 8820 1230 2907.78 2961
28 34 8821 1231 2923.24 2961
28 34 8822 1232 2931.93 2961
28 34 8823 1233 2927.74 2961
28 34 8824 1234 2850.4 2961
28 34 8825 1235 2812.67 2961
28 34 8826 1236 2793.03 2961
28 34 8827 1237 2819.88 2961
28 34 8828 1238 2828.01 2961
28 34 8829 1239 2904.65 2961
28 34 8830 1240 2909.72 2961
28 34 8831 1241 2941.62 2961
28 34 8832 1242 2908.91 2961
28 34 8833 1243 2873.63 2961
28 34 8834 1244 2829.25 2961
28 34 8835 1245 2817.44 2961
28 34 8836 1246 2675.38 2961
28 34 8837 1247 2660.54 2961
28 34 8838 1248 2737.26 2961
28 34 8839 1249 2722.81 2961
28 34 8840 1250 2790.17 2961
28 34 8841 1251 2794.25 2961
28 34 8842 1252 2813.71 2961
28 34 8843 1253 2837.88 2961
28 34 8844 1254 2860.87 2961
28 34 8845 1255 2900.88 2961
28 34 8846 1256 2949.98 2961
28 34 8847 1257 3009.3 2961
28 34 8848 1258 2988.22 2961
28 34 8849 1259 2990.06 2961
28 34 8850 1260 2961.68 2961
28 34 8851 1261 2974.87 2961
28 34 8852 1262 3069.29 2961
28 34 8853 1263 3151.05 2961
28 34 8854 1264 3229.35 2961
28 34 8855 1265 3239.84 2961
28 34 8856 1266 3259.31 2961
28 34 8857 1267 3268.53 2961
28 34 8858 1268 3185.96 2961
28 34 8859 1269 3218.12 2961
28 34 8860 1270 3248.81 2961
28 34 8861 1271 3298.96 2961
28 34 8862 1272 3263.8 2961
28 34 8863 1273 3273.17 2961
28 34 8864 1274 3337.81 2961
28 34 8865 1275 3253.46 2961
28 34 8866 1276 3298.54 2961
28 34 8867 1277 3224.81 2961
28 34 8868 1278 3342.37 2961
28 34 8869 1279 3350.71 2961
28 34 8870 1280 3306.72 2961
28 34 8871 1281 3330.02 2961
28 34 8872 1282 3314.96 2961
28 34 8873 1283 3404 2961
28 34 8874 1284 3330.7 2961
28 34 8875 1285 3353.83 2961
28 34 8876 1286 3315.07 2961
28 34 8877 1287 3288.8 2961
28 34 8878 1288 3296.28 2961
28 34 8879 1289 3243.34 2961
28 34 8880 1290 3235.57 2961
28 34 8881 1291 3229.23 2961
28 34 8882 1292 3213.09 2961
28 34 8883 1293 3222.94 2961
28 34 8884 1294 3209.95 2961
28 34 8885 1295 3194.33 2961
28 34 8886 1296 3168.88 2961
28 34 8887 1297 3102.45 2961
28 34 8888 1298 3119.49 2961
28 34 8889 1299 3085.35 2961
28 34 8890 1300 3137.43 2961
28 34 8891 1301 3138.47 2961
28 34 8892 1302 3169.35 2961
28 34 8893 1303 3118.2 2961
28 34 8894 1304 3156.16 2961
28 34 8895 1305 3169.22 2961
28 34 8896 1306 3184.42 2961
28 34 8897 1307 3183.92 2961
28 34 8898 1308 3182.99 2961
28 34 8899 1309 3155.21 2961
28 34 8900 1310 3159.43 2961
28 34 8901 1311 3109.48 2961
28 34 8902 1312 3119.6 2961
28 34 8903 1313 3141.59 2961
28 34 8904 1314 3114.9 2961
28 34 8905 1315 3075.61 2961
28 34 8906 1316 3009.13 2961
28 34 8907 1317 2939.96 2961
28 34 8908 1318 2926.68 2961
28 34 8909 1319 2947.86 2961
28 34 8910 1320 2984.76 2961
28 34 8911 1321 3014.63 2961
28 34 8912 1322 3208.36 2961
28 34 8913 1323 3226.6 2961
28 34 8914 1324 3262.92 2961
28 34 8915 1325 3199.96 2961
28 34 8916 1326 3322.54 2961
28 34 8917 1327 3341.6 2961
28 34 8918 1328 3327.94 2961
28 34 8919 1329 3310.31 2961
28 34 8920 1330 3392.7 2961
28 34 8921 1331 3398.77 2961
28 34 8922 1332 3406.9 2961
28 34 8923 1333 3403.79 2961
28 34 8924 1334 3341.65 2961
28 34 8925 1335 3308.51 2961
28 34 8926 1336 3341.55 2961
28 34 8927 1337 3374.71 2961
28 34 8928 1338 3418.27 2961
28 34 8929 1339 3420.47 2961
28 34 8930 1340 3386.74 2961
28 34 8931 1341 3380.35 2961
28 34 8932 1342 3347.4 2961
28 34 8933 1343 3315.61 2961
28 34 8934 1344 3266.95 2961
28 34 8935 1345 3173.16 2961
28 34 8936 1346 3229.73 2961
28 34 8937 1347 3216.79 2961
28 34 8938 1348 3134.49 2961
28 34 8939 1349 3068.72 2961
28 34 8940 1350 3146.45 2961
28 34 8941 1351 3071.27 2961
28 34 8942 1352 3057.58 2961
28 34 8943 1353 3020.35 2961
28 34 8944 1354 2962.46 2961
28 34 8945 1355 2956.97 2961
28 34 8946 1356 3013.15 2961
28 34 8947 1357 3018.05 2961
28 34 8948 1358 3065.86 2961
28 34 8949 1359 3112.42 2961
28 34 8950 1360 3201.77 2961
28 34 8951 1361 3248.19 2961
28 34 8952 1362 3155.97 2961
28 34 8953 1363 3182.81 2961
28 34 8954 1364 3125.48 2961
28 34 8955 1365 3148.38 2961
28 34 8956 1366 3151.43 2961
28 34 8957 1367 3177.53 2961
28 34 8958 1368 3102.47 2961
28 34 8959 1369 3051.27 2961
28 34 8960 1370 3095.86 2961
28 34 8961 1371 3106.23 2961
28 34 8962 1372 3111.41 2961
28 34 8963 1373 3085.69 2961
28 34 8964 1374 3220.02 2961
28 34 8965 1375 3241.94 2961
28 34 8966 1376 3197.29 2961
28 34 8967 1377 3191.96 2961
28 34 8968 1378 3179.64 2961
28 34 8969 1379 3222.03 2961
28 34 8970 1380 3237.97 2961
28 34 8971 1381 3259.19 2961
28 34 8972 1382 3217.88 2961
28 34 8973 1383 3277.13 2961
28 34 8974 1384 3326.79 2961
28 34 8975 1385 3349.41 2961
28 34 8976 1386 3392.61 2961
28 34 8977 1387 3395.29 2961
28 34 8978 1388 3458.17 2961
28 34 8979 1389 3434.01 2961
28 34 8980 1390 3420.65 2961
28 34 8981 1391 3414.97 2961
28 34 8982 1392 3446.91 2961
28 34 8983 1393 3451.4 2961
28 34 8984 1394 3405.24 2961
28 34 8985 1395 3308.84 2961
28 34 8986 1396 3283.98 2961
28 34 8987 1397 3284.51 2961
28 34 8988 1398 3351.39 2961
28 34 8989 1399 3421.51 2961
28 34 8990 1400 3373 2961
28 34 8991 1401 3389.75 2961
28 34 8992 1402 3314.71 2961
28 34 8993 1403 3260.93 2961
28 34 8994 1404 3281.05 2961
28 34 8995 1405 3327.31 2961
28 34 8996 1406 3370.7 2961
28 34 8997 1407 3417.78 2961
28 34 8998 1408 3409.58 2961
28 34 8999 1409 3330.97 2961
28 34 9000 1410 3300.86 2961
28 34 9001 1411 3250.68 2961
28 34 9002 1412 3269.92 2961
28 34 9003 1413 3219.26 2961
28 34 9004 1414 3196.46 2961
28 34 9005 1415 3251.26 2961
28 34 9006 1416 3213.26 2961
28 34 9007 1417 3230.63 2961
28 34 9008 1418 3189.59 2961
28 34 9009 1419 3145 2961
28 34 9010 1420 3130.55 2961
28 34 9011 1421 3105.84 2961
28 34 9012 1422 3109.15 2961
28 34 9013 1423 3038.9 2961
28 34 9014 1424 2998.6 2961
28 34 9015 1425 3024.32 2961
28 34 9016 1426 2964.16 2961
28 34 9017 1427 2950.31 2961
28 34 9018 1428 3028.32 2961
28 34 9019 1429 3045.6 2961
28 34 9020 1430 3035.38 2961
28 34 9021 1431 3043.05 2961
28 34 9022 1432 3004.39 2961
28 34 9023 1433 3052.26 2961
28 34 9024 1434 3173.35 2961
28 34 9025 1435 3269.31 2961
28 34 9026 1436 3213.8 2961
28 34 9027 1437 3201.42 2961
27 34 9028 1438 3211.65 2961
27 34 9029 1439 3157.81 2961
27 34 9030 1440 3134.4 2961
27 34 9031 1441 3206.39 2961
27 34 9032 1442 3272.46 2961
27 34 9033 1443 3401.88 2961
27 34 9034 1444 3333.77 2961
27 34 9035 1445 3373.72 2961
27 34 9036 1446 3483.52 2961
27 34 9037 1447 3409.51 2961
27 34 9038 1448 3420.02 2961
27 34 9039 1449 3405.16 2961
27 34 9040 1450 3436 2961
27 34 9041 1451 3372.35 2961
27 34 9042 1452 3480.26 2961
27 34 9043 1453 3432.06 2961
27 34 9044 1454 3401.76 2961
27 34 9045 1455 3346.71 2961
27 34 9046 1456 3343.18 2961
27 34 9047 1457 3310.6 2961
27 34 9048 1458 3419.75 2961
27 34 9049 1459 3393.51 2961
27 34 9050 1460 3418.42 2961
27 34 9051 1461 3393.99 2961
27 34 9052 1462 3377.92 2961
27 34 9053 1463 3501.43 2961
27 34 9054 1464 3536.4 2961
27 34 9055 1465 3612.27 2961
27 34 9056 1466 3598.5 2961
27 34 9057 1467 3600.88 2961
27 34 9058 1468 3659.21 2961
27 34 9059 1469 3688.74 2961
27 34 9060 1470 3716.09 2961
27 34 9061 1471 3766.25 2961
27 34 9062 1472 3765.13 2961
27 34 9063 1473 3779.78 2961
27 34 9064 1474 3831.6 2961
27 34 9065 1475 3838.62 2961
27 34 9066 1476 3913.22 2961
27 34 9067 1477 3952.13 2961
27 34 9068 1478 3918.43 2961
27 34 9069 1479 3927.06 2961
27 34 9070 1480 3886.86 2961
27 34 9071 1481 3837.79 2961
27 34 9072 1482 3848.18 2961
27 34 9073 1483 3821.31 2961
27 34 9074 1484 3819.88 2961
27 34 9075 1485 3812.08 2961
27 34 9076 1486 3791.26 2961
27 34 9077 1487 3808.27 2961
27 34 9078 1488 3799.35 2961
27 34 9079 1489 3869.74 2961
27 34 9080 1490 3937.32 2961
27 34 9081 1491 3973.68 2961
27 34 9082 1492 3876.47 2961
27 34 9083 1493 3801.92 2961
27 34 9084 1494 3729.88 2961
27 34 9085 1495 3714.15 2961
27 34 9086 1496 3704.9 2961
27 34 9087 1497 3732.95 2961
27 34 9088 1498 3654.33 2961
27 34 9089 1499 3656.39 2961
27 34 9090 1500 3656.95 2961
27 34 9091 1501 3719.58 2961
27 34 9092 1502 3730.57 2961
27 34 9093 1503 3794.95 2961
27 34 9094 1504 3775.32 2961
27 34 9095 1505 3722.83 2961
27 34 9096 1506 3621.06 2961
27 34 9097 1507 3640.48 2961
27 34 9098 1508 3598.86 2961
27 34 9099 1509 3604.44 2961
27 34 9100 1510 3582.83 2961
27 34 9101 1511 3562.52 2961
27 34 9102 1512 3508.13 2961
27 34 9103 1513 3512.94 2961
27 34 9104 1514 3486.83 2961
27 34 9105 1515 3452.66 2961
27 34 9106 1516 3365.52 2961
27 34 9107 1517 3428.73 2961
27 34 9108 1518 3523.84 2961
27 34 9109 1519 3485.73 2961
27 34 9110 1520 3485.36 2961
27 34 9111 1521 3547.2 2961
27 34 9112 1522 3654.42 2961
27 34 9113 1523 3659.26 2961
27 34 9114 1524 3641.84 2961
27 34 9115 1525 3691.58 2961
27 34 9116 1526 3604.83 2961
27 34 9117 1527 3628.58 2961
27 34 9118 1528 3609.64 2961
27 34 9119 1529 3660.46 2961
27 34 9120 1530 3653.22 2961
27 34 9121 1531 3707.1 2961
27 34 9122 1532 3617.01 2961
27 34 9123 1533 3565.52 2961
27 34 9124 1534 3560.79 2961
27 34 9125 1535 3556.33 2961
27 34 9126 1536 3631.74 2961
27 34 9127 1537 3596.66 2961
27 34 9128 1538 3566.4 2961
27 34 9129 1539 3624.54 2961
27 34 9130 1540 3637.05 2961
27 34 9131 1541 3618.21 2961
27 34 9132 1542 3653.88 2961
27 34 9133 1543 3658.31 2961
27 34 9134 1544 3712.45 2961
27 34 9135 1545 3716.47 2961
27 34 9136 1546 3719.47 2961
27 34 9137 1547 3684.02 2961
27 34 9138 1548 3636.91 2961
27 34 9139 1549 3595.55 2961
27 34 9140 1550 3636.4 2961
27 34 9141 1551 3661.33 2961
27 34 9142 1552 3632.34 2961
27 34 9143 1553 3638.46 2961
27 34 9144 1554 3632.2 2961
27 34 9145 1555 3725.44 2961
27 34 9146 1556 3718.77 2961
27 34 9147 1557 3806.18 2961
27 34 9148 1558 3826.69 2961
27 34 9149 1559 3875.92 2961
27 34 9150 1560 3898.1 2961
27 34 9151 1561 3925.74 2961
27 34 9152 1562 3901.78 2961
27 34 9153 1563 3973.95 2961
27 34 9154 1564 4029.68 2961
27 34 9155 1565 4022.79 2961
27 34 9156 1566 4014.1 2961
27 34 9157 1567 3924.82 2961
27 34 9158 1568 3970.97 2961
27 34 9159 1569 3909.04 2961
27 34 9160 1570 3888.62 2961
27 34 9161 1571 3913.02 2961
27 34 9162 1572 3892.34 2961
27 34 9163 1573 3906.5 2961
27 34 9164 1574 3879.12 2961
27 34 9165 1575 3863.38 2961
27 34 9166 1576 3825.91 2961
27 34 9167 1577 3882.42 2961
27 34 9168 1578 3885.94 2961
27 34 9169 1579 3933.61 2961
27 34 9170 1580 3925 2961
27 34 9171 1581 3845.93 2961
27 34 9172 1582 3842.56 2961
27 34 9173 1583 3929.04 2961
27 34 9174 1584 3913.52 2961
27 34 9175 1585 3835.99 2961
27 34 9176 1586 3728.73 2961
27 34 9177 1587 3713.85 2961
27 34 9178 1588 3788.77 2961
27 34 9179 1589 3729.6 2961
27 34 9180 1590 3721.08 2961
27 34 9181 1591 3666.63 2961
27 34 9182 1592 3549.36 2961
27 34 9183 1593 3496.89 2961
27 34 9184 1594 3500.71 2961
27 34 9185 1595 3508.41 2961
27 34 9186 1596 3423.03 2961
27 34 9187 1597 3422.4 2961
27 34 9188 1598 3421.1 2961
27 34 9189 1599 3456.11 2961
27 34 9190 1600 3497.39 2961
27 34 9191 1601 3509.7 2961
27 34 9192 1602 3517.92 2961
27 34 9193 1603 3466.35 2961
27 34 9194 1604 3395.26 2961
27 34 9195 1605 3328.92 2961
27 34 9196 1606 3349.61 2961
27 34 9197 1607 3287.11 2961
27 34 9198 1608 3385.68 2961
27 34 9199 1609 3461.12 2961
27 34 9200 1610 3480.38 2961
27 34 9201 1611 3427.05 2961
27 34 9202 1612 3441.78 2961
27 34 9203 1613 3476.67 2961
27 34 9204 1614 3524.5 2961
27 34 9205 1615 3488.36 2961
27 34 9206 1616 3506.14 2961
27 34 9207 1617 3484.63 2961
27 34 9208 1618 3428.3 2961
27 34 9209 1619 3340.27 2961
27 34 9210 1620 3315.07 2961
27 34 9211 1621 3249.05 2961
27 34 9212 1622 3200.14 2961
27 34 9213 1623 3089.7 2961
27 34 9214 1624 3117.93 2961
27 34 9215 1625 3121.11 2961
27 34 9216 1626 3122.26 2961
27 34 9217 1627 3155.43 2961
27 34 9218 1628 3065.15 2961
27 34 9219 1629 3059.07 2961
27 34 9220 1630 3017.43 2961
27 34 9221 1631 3038.26 2961
27 34 9222 1632 3030.4 2961
27 34 9223 1633 3109.38 2961
27 34 9224 1634 3090.69 2961
27 34 9225 1635 3150.14 2961
27 34 9226 1636 3250.98 2961
27 34 9227 1637 3232.74 2961
27 34 9228 1638 3241.55 2961
27 34 9229 1639 3203.04 2961
27 34 9230 1640 3169.44 2961
27 34 9231 1641 3233.91 2961
27 34 9232 1642 3196.36 2961
27 34 9233 1643 3119.67 2961
27 34 9234 1644 3156.48 2961
27 34 9235 1645 3173.08 2961
27 34 9236 1646 3289.38 2961
27 34 9237 1647 3220.98 2961
27 34 9238 1648 3173.37 2961
27 34 9239 1649 3165.81 2961
27 34 9240 1650 3071.44 2961
27 34 9241 1651 3056.18 2961
27 34 9242 1652 3005.69 2961
27 34 9243 1653 3052.92 2961
27 34 9244 1654 3072.41 2961
27 34 9245 1655 3050.64 2961
27 34 9246 1656 3079.02 2961
27 34 9247 1657 3064.19 2961
27 34 9248 1658 3055.83 2961
27 34 9249 1659 3055.86 2961
27 34 9250 1660 3072.74 2961
27 34 9251 1661 3093.99 2961
27 34 9252 1662 3070.45 2961
27 34 9253 1663 2988.59 2961
27 34 9254 1664 3029.7 2961
27 34 9255 1665 3038.96 2961
27 34 9256 1666 3113.26 2961
27 34 9257 1667 3163.63 2961
27 34 9258 1668 3075.85 2961
27 34 9259 1669 3038.73 2961
27 34 9260 1670 3099.67 2961
27 34 9261 1671 3176.54 2961
27 34 9262 1672 3226.24 2961
27 34 9263 1673 3152.08 2961
27 34 9264 1674 3166.43 2961
27 34 9265 1675 3146.99 2961
27 34 9266 1676 3153.63 2961
27 34 9267 1677 3193.91 2961
27 34 9268 1678 3133.8 2961
27 34 9269 1679 3132.9 2961
27 34 9270 1680 3128.08 2961
27 34 9271 1681 3201.57 2961
27 34 9272 1682 3122.63 2961
27 34 9273 1683 3113.62 2961
27 34 9274 1684 3199.27 2961
27 34 9275 1685 3143.7 2961
27 34 9276 1686 3170.35 2961
27 34 9277 1687 3143.93 2961
27 34 9278 1688 3101.59 2961
27 34 9279 1689 3091.06 2961
27 34 9280 1690 3178.58 2961
27 34 9281 1691 3248.42 2961
27 34 9282 1692 3306.21 2961
27 34 9283 1693 3227.89 2961
27 34 9284 1694 3334.23 2961
27 34 9285 1695 3301.37 2961
27 34 9286 1696 3234.5 2961
27 34 9287 1697 3202.18 2961
27 34 9288 1698 3160.47 2961
27 34 9289 1699 3152.35 2961
27 34 9290 1700 3148.22 2961
27 34 9291 1701 3132.38 2961
27 34 9292 1702 3119.75 2961
27 34 9293 1703 3139.04 2961
27 34 9294 1704 3107.43 2961
27 34 9295 1705 3076.74 2961
27 34 9296 1706 3064.22 2961
27 34 9297 1707 3001.73 2961
27 34 9298 1708 3009.8 2961
27 34 9299 1709 3046.46 2961
27 34 9300 1710 3012.32 2961
27 34 9301 1711 3006.41 2961
27 34 9302 1712 3034.98 2961
27 34 9303 1713 3053.72 2961
27 34 9304 1714 3084.05 2961
27 34 9305 1715 3041.93 2961
27 34 9306 1716 3058.05 2961
27 34 9307 1717 3110.56 2961
27 34 9308 1718 3086.21 2961
27 34 9309 1719 3019.08 2961
27 34 9310 1720 3037.45 2961
27 34 9311 1721 3013.1 2961
27 34 9312 1722 2963.93 2961
27 34 9313 1723 2952.2 2961
27 34 9314 1724 2985.69 2961
27 34 9315 1725 3084.32 2961
27 34 9316 1726 2996.24 2961
27 34 9317 1727 3100.91 2961
27 34 9318 1728 3154.97 2961
27 34 9319 1729 3131.96 2961
27 34 9320 1730 3142.07 2961
27 34 9321 1731 3120.94 2961
27 34 9322 1732 3094.89 2961
27 34 9323 1733 3136.22 2961
27 34 9324 1734 3140.76 2961
27 34 9325 1735 3109.76 2961
27 34 9326 1736 3061.94 2961
27 34 9327 1737 3025.1 2961
27 34 9328 1738 2941.07 2961
27 34 9329 1739 2927.92 2961
27 34 9330 1740 2944.7 2961
27 34 9331 1741 2929.45 2961
27 34 9332 1742 2981.59 2961
27 34 9333 1743 3007.3 2961
27 34 9334 1744 3012.04 2961
27 34 9335 1745 2993.46 2961
27 34 9336 1746 3004.48 2961
27 34 9337 1747 3040.75 2961
27 34 9338 1748 3028.25 2961
27 34 9339 1749 3114.03 2961
27 34 9340 1750 3057.62 2961
27 34 9341 1751 3109.08 2961
27 34 9342 1752 3179.06 2961
27 34 9343 1753 3149.74 2961
27 34 9344 1754 3083.4 2961
27 34 9345 1755 3065.33 2961
27 34 9346 1756 3113.03 2961
27 34 9347 1757 3006.08 2961
27 34 9348 1758 2869.93 2961
27 34 9349 1759 2957.84 2961
27 34 9350 1760 2896.5 2961
27 34 9351 1761 2869.47 2961
27 34 9352 1762 3052.94 2961
27 34 9353 1763 3019.18 2961
27 34 9354 1764 2993.46 2961
27 34 9355 1765 2919.79 2961
27 34 9356 1766 2902.75 2961
27 34 9357 1767 2958.13 2961
27 34 9358 1768 2989.9 2961
27 34 9359 1769 2994.07 2961
27 34 9360 1770 3049.9 2961
27 34 9361 1771 3093.44 2961
27 34 9362 1772 3051.64 2961
27 34 9363 1773 3044.06 2961
27 34 9364 1774 3079.48 2961
27 34 9365 1775 3042.45 2961
27 34 9366 1776 3153.8 2961
27 34 9367 1777 3169.41 2961
27 34 9368 1778 3152.87 2961
27 34 9369 1779 3152.37 2961
27 34 9370 1780 3173.74 2961
27 34 9371 1781 3141.97 2961
27 34 9372 1782 3170.47 2961
27 34 9373 1783 3157.32 2961
27 34 9374 1784 3025.36 2961
27 34 9375 1785 3031.62 2961
27 34 9376 1786 3009.31 2961
27 34 9377 1787 3001.72 2961
27 34 9378 1788 2954.13 2961
27 34 9379 1789 2977.8 2961
27 34 9380 1790 3068.23 2961
27 34 9381 1791 3126.55 2961
27 34 9382 1792 3135.94 2961
27 34 9383 1793 3106.13 2961
27 34 9384 1794 3162.52 2961
27 34 9385 1795 3176.47 2961
27 34 9386 1796 3326.21 2961
27 34 9387 1797 3401.13 2961
27 34 9388 1798 3471.9 2961
27 34 9389 1799 3483.08 2961
27 34 9390 1800 3460.42 2961
27 34 9391 1801 3463.77 2961
27 34 9392 1802 3384.89 2961
27 34 9393 1803 3305.15 2961
27 34 9394 1804 3275.98 2961
27 34 9395 1805 3294.2 2961
27 34 9396 1806 3344.74 2961
27 34 9397 1807 3289.42 2961
27 34 9398 1808 3312.14 2961
27 34 9399 1809 3428.96 2961
27 34 9400 1810 3446.14 2961
27 34 9401 1811 3359.69 2961
27 34 9402 1812 3320.5 2961
27 34 9403 1813 3313.89 2961
27 34 9404 1814 3364.39 2961
27 34 9405 1815 3272.48 2961
27 34 9406 1816 3253.52 2961
27 34 9407 1817 3207.57 2961
27 34 9408 1818 3286.9 2961
27 34 9409 1819 3297.74 2961
27 34 9410 1820 3289.02 2961
27 34 9411 1821 3246.88 2961
27 34 9412 1822 3197.78 2961
27 34 9413 1823 3169.37 2961
27 34 9414 1824 3181.57 2961
27 34 9415 1825 3165.14 2961
27 34 9416 1826 3189.32 2961
27 34 9417 1827 3101.43 2961
27 34 9418 1828 3072.97 2961
27 34 9419 1829 3000.68 2961
27 34 9420 1830 2917.92 2961
27 34 9421 1831 2840.1 2961
27 34 9422 1832 2805.55 2961
27 34 9423 1833 2788.04 2961
27 34 9424 1834 2699.68 2961
27 34 9425 1835 2665.46 2961
27 34 9426 1836 2703.28 2961
27 34 9427 1837 2730.73 2961
27 34 9428 1838 2655.19 2961
27 34 9429 1839 2729.97 2961
27 34 9430 1840 2750.93 2961
27 34 9431 1841 2752.15 2961
27 34 9432 1842 2745.11 2961
27 34 9433 1843 2758.6 2961
27 34 9434 1844 2757.93 2961
27 34 9435 1845 2721.69 2961
27 34 9436 1846 2722.28 2961
27 34 9437 1847 2762.43 2961
27 34 9438 1848 2780.55 2961
27 34 9439 1849 2777.61 2961
27 34 9440 1850 2725.33 2961
27 34 9441 1851 2687.28 2961
27 34 9442 1852 2727.17 2961
27 34 9443 1853 2738.89 2961
27 34 9444 1854 2735.1 2961
27 34 9445 1855 2694.7 2961
27 34 9446 1856 2737.99 2961
27 34 9447 1857 2673.02 2961
27 34 9448 1858 2720.01 2961
27 34 9449 1859 2666.73 2961
27 34 9450 1860 2656.43 2961
27 34 9451 1861 2576.2 2961
27 34 9452 1862 2588.37 2961
27 34 9453 1863 2560 2961
27 34 9454 1864 2560.05 2961
27 34 9455 1865 2498.7 2961
27 34 9456 1866 2470.18 2961
27 34 9457 1867 2503.29 2961
27 34 9458 1868 2490.89 2961
27 34 9459 1869 2459.17 2961
27 34 9460 1870 2408.03 2961
27 34 9461 1871 2459.07 2961
27 34 9462 1872 2442.54 2961
27 34 9463 1873 2475.82 2961
27 34 9464 1874 2400.97 2961
27 34 9465 1875 2436.8 2961
27 34 9466 1876 2433.68 2961
27 34 9467 1877 2446.95 2961
27 34 9468 1878 2444.16 2961
27 34 9469 1879 2426.39 2961
27 34 9470 1880 2451.32 2961
27 34 9471 1881 2516.74 2961
27 34 9472 1882 2507.14 2961
27 34 9473 1883 2532.63 2961
27 34 9474 1884 2637.59 2961
27 34 9475 1885 2562.89 2961
27 34 9476 1886 2589.24 2961
27 34 9477 1887 2583.78 2961
27 34 9478 1888 2600.23 2961
27 34 9479 1889 2624.4 2961
27 34 9480 1890 2611.51 2961
27 34 9481 1891 2553.07 2961
27 34 9482 1892 2612.71 2961
27 34 9483 1893 2621.1 2961
27 34 9484 1894 2668.5 2961
27 34 9485 1895 2666.66 2961
27 34 9486 1896 2735.19 2961
27 34 9487 1897 2674 2961
27 34 9488 1898 2672.4 2961
27 34 9489 1899 2715.86 2961
27 34 9490 1900 2687.18 2961
27 34 9491 1901 2686.03 2961
27 34 9492 1902 2717.56 2961
27 34 9493 1903 2666.19 2961
27 34 9494 1904 2614.17 2961
27 34 9495 1905 2576.82 2961
27 34 9496 1906 2543.8 2961
27 34 9497 1907 2515.56 2961
27 34 9498 1908 2458.44 2961
27 34 9499 1909 2424.91 2961
27 34 9500 1910 2385.4 2961
27 34 9501 1911 2440.28 2961
27 34 9502 1912 2440.62 2961
27 34 9503 1913 2461.03 2961
27 34 9504 1914 2460.25 2961
27 34 9505 1915 2508.19 2961
27 34 9506 1916 2525.22 2961
27 34 9507 1917 2497.1 2961
27 34 9508 1918 2449.99 2961
27 34 9509 1919 2385.38 2961
27 34 9510 1920 2379.84 2961
27 34 9511 1921 2482.29 2961
27 34 9512 1922 2567.24 2961
27 34 9513 1923 2585.75 2961
27 34 9514 1924 2612.8 2961
27 34 9515 1925 2661.49 2961
27 34 9516 1926 2674.49 2961
27 34 9517 1927 2730.99 2961
27 34 9518 1928 2751.47 2961
27 34 9519 1929 2759.21 2961
27 34 9520 1930 2843.26 2961
27 34 9521 1931 2807.01 2961
27 34 9522 1932 2697.25 2961
27 34 9523 1933 2688.74 2961
27 34 9524 1934 2782.99 2961
27 34 9525 1935 2791.34 2961
27 34 9526 1936 2839.96 2961
27 34 9527 1937 2756.76 2961
27 34 9528 1938 2760.62 2961
27 34 9529 1939 2775.33 2961
27 34 9530 1940 2849.57 2961
27 34 9531 1941 2927.94 2961
27 34 9532 1942 2948.57 2961
27 34 9533 1943 3062.76 2961
27 34 9534 1944 3057 2961
27 34 9535 1945 3032.73 2961
27 34 9536 1946 2989.39 2961
27 34 9537 1947 3045.93 2961
27 34 9538 1948 2945.94 2961
27 34 9539 1949 2966.64 2961
27 34 9540 1950 2897.54 2961
27 34 9541 1951 2931.98 2961
27 34 9542 1952 2926.43 2961
27 34 9543 1953 2914.39 2961
27 34 9544 1954 2931.58 2961
27 34 9545 1955 2978.55 2961
27 34 9546 1956 2988.66 2961
27 34 9547 1957 2989.9 2961
27 34 9548 1958 2914 2961
27 34 9549 1959 2940.16 2961
27 34 9550 1960 2890.96 2961
27 34 9551 1961 2902.07 2961
27 34 9552 1962 2888.7 2961
27 34 9553 1963 2894.02 2961
27 34 9554 1964 2865.43 2961
27 34 9555 1965 2865.54 2961
27 34 9556 1966 2848.26 2961
27 34 9557 1967 2805.74 2961
27 34 9558 1968 2827.52 2961
27 34 9559 1969 2796.12 2961
27 34 9560 1970 2743.69 2961
27 34 9561 1971 2721.34 2961
27 34 9562 1972 2734.42 2961
27 34 9563 1973 2729.1 2961
27 34 9564 1974 2730.96 2961
27 34 9565 1975 2665.38 2961
27 34 9566 1976 2710.3 2961
27 34 9567 1977 2695.14 2961
27 34 9568 1978 2708.32 2961
27 34 9569 1979 2723.03 2961
27 34 9570 1980 2733.31 2961
27 34 9571 1981 2712.79 2961
27 34 9572 1982 2664.24 2961
27 34 9573 1983 2682.61 2961
27 34 9574 1984 2729.37 2961
27 34 9575 1985 2660.58 2961
27 34 9576 1986 2676.91 2961
27 34 9577 1987 2768.05 2961
27 34 9578 1988 2656.78 2961
27 34 9579 1989 2600.94 2961
27 34 9580 1990 2599.95 2961
27 34 9581 1991 2564.6 2961
27 34 9582 1992 2621.2 2961
27 34 9583 1993 2663.63 2961
27 34 9584 1994 2631.64 2961
27 34 9585 1995 2611.84 2961
27 34 9586 1996 2665.58 2961
27 34 9587 1997 2665.77 2961
27 34 9588 1998 2692.09 2961
27 34 9589 1999 2785.05 2961
27 34 9590 2000 2851.02 2961
27 34 9591 2001 2734.08 2961
27 34 9592 2002 2804.76 2961
27 34 9593 2003 2770.28 2961
27 34 9594 2004 2820.91 2961
27 34 9595 2005 2808.64 2961
27 34 9596 2006 2738.77 2961
27 34 9597 2007 2636.03 2961
27 34 9598 2008 2619.39 2961
27 34 9599 2009 2638.13 2961
27 34 9600 2010 2649.13 2961
27 34 9601 2011 2720.6 2961
27 34 9602 2012 2761.32 2961
27 34 9603 2013 2700.44 2961
27 34 9604 2014 2682.38 2961
27 34 9605 2015 2643.42 2961
27 34 9606 2016 2584.89 2961
27 34 9607 2017 2535.24 2961
27 34 9608 2018 2606.92 2961
27 34 9609 2019 2628.74 2961
27 34 9610 2020 2555.1 2961
27 34 9611 2021 2534.9 2961
27 34 9612 2022 2501.71 2961
27 34 9613 2023 2472.37 2961
27 34 9614 2024 2352.1 2961
27 34 9615 2025 2487.89 2961
27 34 9616 2026 2482.28 2961
27 34 9617 2027 2468.51 2961
27 34 9618 2028 2501.47 2961
27 34 9619 2029 2575.94 2961
27 34 9620 2030 2604.62 2961
27 34 9621 2031 2602.65 2961
27 34 9622 2032 2550.56 2961
27 34 9623 2033 2556.81 2961
27 34 9624 2034 2514.74 2961
27 34 9625 2035 2436.19 2961
27 34 9626 2036 2464.23 2961
27 34 9627 2037 2536.47 2961
27 34 9628 2038 2481.24 2961
27 34 9629 2039 2493.89 2961
27 34 9630 2040 2460.24 2961
27 34 9631 2041 2351.4 2961
27 34 9632 2042 2362.72 2961
27 34 9633 2043 2341.98 2961
27 34 9634 2044 2316.89 2961
27 34 9635 2045 2335.36 2961
27 34 9636 2046 2435.23 2961
27 34 9637 2047 2518.07 2961
27 34 9638 2048 2476.99 2961
27 34 9639 2049 2469.96 2961
27 34 9640 2050 2523.77 2961
27 34 9641 2051 2479.67 2961
27 34 9642 2052 2565.99 2961
27 34 9643 2053 2590.83 2961
27 34 9644 2054 2577.41 2961
27 34 9645 2055 2464.62 2961
27 34 9646 2056 2428.69 2961
27 34 9647 2057 2437.35 2961
27 34 9648 2058 2433.83 2961
27 34 9649 2059 2403.94 2961
27 34 9650 2060 2469.32 2961
27 34 9651 2061 2494.75 2961
27 34 9652 2062 2577.22 2961
27 34 9653 2063 2630.49 2961
27 34 9654 2064 2676.2 2961
27 34 9655 2065 2621.3 2961
27 34 9656 2066 2655.78 2961
27 34 9657 2067 2602.53 2961
27 34 9658 2068 2681.07 2961
27 34 9659 2069 2738.39 2961
27 34 9660 2070 2700.98 2961
27 34 9661 2071 2718.76 2961
27 34 9662 2072 2772.78 2961
27 34 9663 2073 2771.98 2961
27 34 9664 2074 2797.79 2961
27 34 9665 2075 2772.9 2961
27 34 9666 2076 2744.21 2961
27 34 9667 2077 2722.99 2961
27 34 9668 2078 2655.46 2961
27 34 9669 2079 2681.27 2961
27 34 9670 2080 2644.84 2961
27 34 9671 2081 2670.77 2961
27 34 9672 2082 2600.75 2961
27 34 9673 2083 2568 2961
27 34 9674 2084 2623.28 2961
27 34 9675 2085 2622.54 2961
27 34 9676 2086 2665.57 2961
27 34 9677 2087 2670.32 2961
27 34 9678 2088 2686.31 2961
27 34 9679 2089 2638.79 2961
27 34 9680 2090 2549.72 2961
27 34 9681 2091 2592.65 2961
27 34 9682 2092 2571.33 2961
27 34 9683 2093 2599.04 2961
27 34 9684 2094 2663.23 2961
27 34 9685 2095 2755.59 2961
27 34 9686 2096 2787.43 2961
27 34 9687 2097 2808.65 2961
27 34 9688 2098 2745.23 2961
27 34 9689 2099 2730.34 2961
27 34 9690 2100 2688.54 2961
27 34 9691 2101 2606.06 2961
27 34 9692 2102 2623 2961
27 34 9693 2103 2642.94 2961
27 34 9694 2104 2708.9 2961
27 34 9695 2105 2712.71 2961
27 34 9696 2106 2795.7 2961
27 34 9697 2107 2788.91 2961
27 34 9698 2108 2753.37 2961
27 34 9699 2109 2739.98 2961
27 34 9700 2110 2693.04 2961
27 34 9701 2111 2708.68 2961
27 34 9702 2112 2679.51 2961
27 34 9703 2113 2709.13 2961
27 34 9704 2114 2744.82 2961
27 34 9705 2115 2758.08 2961
27 34 9706 2116 2719.37 2961
27 34 9707 2117 2681.66 2961
27 34 9708 2118 2704.28 2961
27 34 9709 2119 2791.1 2961
27 34 9710 2120 2808.48 2961
27 34 9711 2121 2736.17 2961
27 34 9712 2122 2857.64 2961
27 34 9713 2123 2874.53 2961
27 34 9714 2124 2888.63 2961
27 34 9715 2125 2809.99 2961
27 34 9716 2126 2825.36 2961
27 34 9717 2127 2866.74 2961
27 34 9718 2128 2829.82 2961
27 34 9719 2129 2799 2961
27 34 9720 2130 2773.62 2961
27 34 9721 2131 2790.94 2961
27 34 9722 2132 2837.66 2961
27 34 9723 2133 2753.57 2961
27 34 9724 2134 2736.5 2961
27 34 9725 2135 2715.96 2961
27 34 9726 2136 2736.42 2961
27 34 9727 2137 2726.01 2961
27 34 9728 2138 2752.28 2961
27 34 9729 2139 2671.5 2961
27 34 9730 2140 2707.95 2961
27 34 9731 2141 2777.04 2961
27 34 9732 2142 2825.91 2961
27 34 9733 2143 2800.64 2961
27 34 9734 2144 2758.65 2961
27 34 9735 2145 2779 2961
27 34 9736 2146 2766.4 2961
27 34 9737 2147 2740.69 2961
27 34 9738 2148 2787.99 2961
27 34 9739 2149 2739.14 2961
27 34 9740 2150 2809.2 2961
27 34 9741 2151 2799.39 2961
27 34 9742 2152 2770.8 2961
27 34 9743 2153 2711.39 2961
27 34 9744 2154 2694.88 2961
27 34 9745 2155 2667.37 2961
27 34 9746 2156 2709.45 2961
27 34 9747 2157 2738.46 2961
27 34 9748 2158 2812.06 2961
27 34 9749 2159 2811.08 2961
27 34 9750 2160 2828.09 2961
27 34 9751 2161 2780.17 2961
27 34 9752 2162 2842.96 2961
27 34 9753 2163 2862.91 2961
27 34 9754 2164 2875.86 2961
27 34 9755 2165 2937.5 2961
27 34 9756 2166 2957.29 2961
27 34 9757 2167 2926.54 2961
27 34 9758 2168 2908.56 2961
27 34 9759 2169 2977.21 2961
27 34 9760 2170 2986.45 2961
27 34 9761 2171 3008.75 2961
27 34 9762 2172 3085.65 2961
27 34 9763 2173 3143.42 2961
27 34 9764 2174 3110.04 2961
27 34 9765 2175 3111.58 2961
27 34 9766 2176 3154.41 2961
27 34 9767 2177 3247.8 2961
27 34 9768 2178 3317.12 2961
27 34 9769 2179 3347.9 2961
27 34 9770 2180 3252.62 2961
27 34 9771 2181 3236.77 2961
27 34 9772 2182 3285.31 2961
27 34 9773 2183 3302.68 2961
27 34 9774 2184 3348.27 2961
27 34 9775 2185 3295.39 2961
27 34 9776 2186 3295.65 2961
27 34 9777 2187 3291.77 2961
27 34 9778 2188 3343.07 2961
27 34 9779 2189 3396.88 2961
27 34 9780 2190 3360.07 2961
27 34 9781 2191 3254.11 2961
27 34 9782 2192 3282.97 2961
27 34 9783 2193 3224.78 2961
27 34 9784 2194 3262.92 2961
27 34 9785 2195 3202.07 2961
27 34 9786 2196 3236.51 2961
27 34 9787 2197 3176.47 2961
27 34 9788 2198 3155.23 2961
27 34 9789 2199 3084.83 2961
27 34 9790 2200 3078.58 2961
27 34 9791 2201 3089.61 2961
27 34 9792 2202 3100.92 2961
27 34 9793 2203 3102.92 2961
27 34 9794 2204 3124.23 2961
27 34 9795 2205 3086.82 2961
27 34 9796 2206 3052.45 2961
27 34 9797 2207 3007.32 2961
27 34 9798 2208 3048.83 2961
27 34 9799 2209 3070.61 2961
27 34 9800 2210 3018.79 2961
27 34 9801 2211 2962.49 2961
27 34 9802 2212 3034.65 2961
27 34 9803 2213 2997.12 2961
27 34 9804 2214 3027.23 2961
27 34 9805 2215 3022.35 2961
27 34 9806 2216 2948.07 2961
27 34 9807 2217 2933 2961
27 34 9808 2218 3000.44 2961
27 34 9809 2219 3012.68 2961
27 34 9810 2220 3030.66 2961
27 34 9811 2221 2951.69 2961
27 34 9812 2222 2959.74 2961
27 34 9813 2223 3015.87 2961
27 34 9814 2224 3018.36 2961
27 34 9815 2225 2925.97 2961
27 34 9816 2226 2886.43 2961
27 34 9817 2227 2821.17 2961
27 34 9818 2228 2822.91 2961
27 34 9819 2229 2855.01 2961
27 34 9820 2230 2892.4 2961
27 34 9821 2231 2910 2961
27 34 9822 2232 3023.22 2961
27 34 9823 2233 2987.11 2961
27 34 9824 2234 3042.56 2961
27 34 9825 2235 3017.5 2961
27 34 9826 2236 2995.97 2961
27 34 9827 2237 2996.06 2961
27 34 9828 2238 2945.9 2961
27 34 9829 2239 2930.76 2961
27 34 9830 2240 2773.03 2961
27 34 9831 2241 2816 2961
27 34 9832 2242 2783.78 2961
27 34 9833 2243 2687.04 2961
27 34 9834 2244 2663.55 2961
27 34 9835 2245 2669.02 2961
27 34 9836 2246 2719.61 2961
27 34 9837 2247 2745.21 2961
27 34 9838 2248 2816.5 2961
27 34 9839 2249 2776.77 2961
27 34 9840 2250 2808.88 2961
27 34 9841 2251 2878.04 2961
27 34 9842 2252 2866.45 2961
27 34 9843 2253 2895.71 2961
27 34 9844 2254 2879.94 2961
27 34 9845 2255 2866.81 2961
27 34 9846 2256 2759.34 2961
27 34 9847 2257 2659.82 2961
27 34 9848 2258 2646.87 2961
27 34 9849 2259 2724.47 2961
27 34 9850 2260 2720.86 2961
27 34 9851 2261 2705.2 2961
27 34 9852 2262 2657.15 2961
27 34 9853 2263 2575.75 2961
27 34 9854 2264 2609.97 2961
27 34 9855 2265 2633.04 2961
27 34 9856 2266 2591.92 2961
27 34 9857 2267 2602.73 2961
27 34 9858 2268 2573.79 2961
27 34 9859 2269 2591.51 2961
27 34 9860 2270 2577.06 2961
27 34 9861 2271 2617.48 2961
27 34 9862 2272 2659.56 2961
27 34 9863 2273 2623.27 2961
27 34 9864 2274 2694.86 2961
27 34 9865 2275 2801.67 2961
27 34 9866 2276 2786.31 2961
27 34 9867 2277 2774.26 2961
27 34 9868 2278 2849.45 2961
27 34 9869 2279 2775.22 2961
27 34 9870 2280 2824.44 2961
27 34 9871 2281 2850.41 2961
27 34 9872 2282 2776.93 2961
27 34 9873 2283 2778.99 2961
27 34 9874 2284 2804.24 2961
27 34 9875 2285 2742.64 2961
27 34 9876 2286 2755.94 2961
27 34 9877 2287 2729.6 2961
27 34 9878 2288 2654.52 2961
27 34 9879 2289 2627.79 2961
27 34 9880 2290 2654.82 2961
27 34 9881 2291 2582.33 2961
27 34 9882 2292 2578.85 2961
27 34 9883 2293 2567.97 2961
27 34 9884 2294 2601.36 2961
27 34 9885 2295 2514.52 2961
27 34 9886 2296 2464.55 2961
27 34 9887 2297 2470.46 2961
27 34 9888 2298 2404.05 2961
27 34 9889 2299 2421.81 2961
27 34 9890 2300 2372.63 2961
27 34 9891 2301 2432.86 2961
27 34 9892 2302 2350.79 2961
27 34 9893 2303 2375.29 2961
27 34 9894 2304 2322.97 2961
27 34 9895 2305 2384.32 2961
27 34 9896 2306 2412.48 2961
27 34 9897 2307 2335.92 2961
